6527317.31
0 392
0 9194
9194 9649
448 9649
448 6242
392 2012
187 2012
187 1755
1755 3761
1065 3761
187 5486
942 5486
942 5681
5486 7303
444 7303
444 9413
444 3604
1708 6242
1275 6242
1275 7491
3902 7491
3902 8213
448 8964
5533 8964
2830 5533
2830 7326
1863 7326
949 1863
949 9927
949 5375
4622 5375
4338 5375
4338 8535
6517 8535
1407 6517
1407 1821
1407 2511
2511 4797
1821 6745
6745 8320
1810 1821
5136 8320
145 5136
237 4797
237 3022
3022 5603
5603 8284
8284 9211
4931 9211
5469 9211
3833 8284
3833 8500
5140 6745
5140 7007
7007 8901
8901 9300
4950 9300
7681 9300
7681 9821
2946 9821
838 2946
2946 9644
8805 9644
9644 9876
2283 9876
2283 2651
2651 5146
1776 5146
2693 5146
2693 5642
1952 5642
2693 6834
6834 7746
6470 7746
5554 6470
1981 5554
1971 5554
766 1971
766 2616
186 2616
2616 8567
6115 8567
5230 6115
3202 8567
5146 6348
7080 8805
1987 7080
3787 7080
1987 6135
3787 7830
2692 7830
2692 9614
5637 9614
2791 5637
9307 9614
3602 6135
975 8535
975 9467
186 3748
145 9276
1981 8692
3602 6406
6406 9542
5418 9542
77 9307
6135 8219
2590 2791
2837 3748
2178 2837
2178 2733
2733 8497
1894 8497
1615 1894
1615 8065
4309 8065
4309 4519
2433 4519
2733 7664
106 9276
1172 2433
1172 9250
1172 8926
1163 8926
1163 3835
1163 5463
3953 5463
191 9250
191 7301
191 5521
3072 5521
5163 6348
5163 5490
681 5490
681 4367
36 4367
36 4270
4270 7059
4270 8156
1271 8156
1271 3773
3773 8053
8053 9486
7622 9486
6141 7622
6141 8153
5857 8153
4399 8153
3323 4399
3323 9973
577 9973
577 8683
8338 8683
8338 9709
3872 9709
3872 7911
2483 7911
2483 4763
788 4763
788 3346
672 3346
3346 8719
672 2558
2558 4499
4499 5866
4499 6959
6959 7817
7817 8241
1690 8241
2742 4763
2742 5505
5505 8816
5364 8816
777 2742
5141 8816
5141 8590
4035 8338
4035 5744
5744 8814
4176 8814
4176 5378
5378 9616
5154 9616
5154 9883
7444 9883
4275 7444
4275 9864
8829 9864
8808 9486
685 8808
685 5933
685 2051
2051 2701
2701 4395
1562 5933
1052 1562
1052 3964
3964 7353
4025 7353
1462 4025
1462 5422
1562 6219
1462 4382
4382 7784
7353 9865
4681 9865
4681 4839
4839 9838
4887 9838
4887 8425
6388 8425
6388 7921
6869 7921
2740 4839
4338 5211
691 5211
77 7391
5824 7391
5354 5824
1996 5354
1996 5706
5706 5985
5985 6855
6855 7802
2819 7802
1301 2819
2819 6272
929 6855
6116 6272
4996 6116
4996 7086
1840 7086
3744 6272
3744 5983
21 5983
21 3380
21 427
427 7516
7516 9716
3380 8295
6778 8295
4996 8194
7514 8194
2214 7514
7514 9741
5360 9716
1788 5360
5360 7722
5578 7722
5578 8824
8824 8849
8849 9331
9331 9647
5692 9647
5692 7858
3101 7858
3101 5438
4242 5438
1000 5438
1000 7970
7970 8753
6295 8753
1449 6295
1389 1449
3499 5692
3499 6876
3869 6876
419 3869
419 6592
419 5003
5003 5236
5236 7063
2106 7063
1939 2106
1939 2649
2649 6666
3032 6295
3032 8463
8463 8796
8665 8796
4891 8665
4891 5244
707 5244
707 1754
2098 5244
2098 8658
5176 8658
173 5176
2799 8665
2649 4474
2808 4474
2808 7480
7480 7547
2799 7827
7827 9950
2952 9950
2952 5511
5511 9288
188 9288
5671 7547
5671 6137
1309 6137
1309 8502
8502 9323
1488 9323
173 7587
1985 7587
1985 9968
1985 4910
409 4474
409 1705
1754 7289
3307 7289
3307 9802
3782 9968
1488 8738
2033 8738
4580 9288
1673 4580
1673 1701
3032 8595
1657 8595
1657 5589
4443 4910
4443 7568
6569 7568
5033 6569
4993 5033
5033 5886
4959 4993
3431 4959
3431 6003
3442 6003
3442 5665
3442 9675
5951 9675
706 6003
706 4803
3568 4803
1405 8502
1405 8840
4295 8738
4295 7137
7137 8111
4295 9683
5688 8241
5688 6359
3227 5688
3429 6359
3429 5073
3429 4061
1705 3736
3736 5262
3736 4701
4701 7703
2264 7703
2264 5038
5038 5788
5262 6957
6957 9652
6146 9652
2990 6146
5243 5262
2664 5243
5577 5788
3699 5577
5229 5577
5229 9793
7383 9793
7593 9793
7593 8996
2480 8996
3943 8996
3943 4022
1089 4022
1089 1305
1089 2948
3699 5674
5674 5948
5948 8820
4142 8820
6375 8820
2990 6815
6815 7337
7337 9063
7786 9063
1548 7786
1548 7816
2867 7816
1988 2867
1643 1988
1643 1796
1796 9760
412 9760
412 5478
5478 7505
7377 7505
6186 7377
2474 6186
2474 9096
6186 7055
7055 8488
7055 9814
3591 8488
1603 3591
3591 6809
1603 4838
4299 6809
4299 8899
2077 8899
2077 6298
6298 6334
1937 2077
4840 6334
4840 9681
9344 9681
6334 8966
4522 8966
1937 4375
80 4375
80 8968
9814 9882
5897 9882
1438 5897
845 1438
845 4034
845 6518
3654 6518
9208 9882
3112 9208
3112 7965
7965 8838
5151 8838
7965 8040
8011 8040
7067 8966
4143 7067
1305 8228
8228 9910
594 9910
184 8228
184 5144
5144 6711
6711 7479
4001 6711
2731 4001
2731 3778
3778 4370
4370 5093
4370 9618
862 5093
200 862
862 4195
200 5174
4001 7701
7701 9023
5447 7701
5447 5889
1990 5447
1990 7081
1478 7081
1478 5867
2354 5867
434 2354
434 7807
1990 5156
4346 5156
1849 4346
860 5867
1849 3350
3350 8026
7813 8026
628 7807
628 9282
908 9282
908 7872
7872 8240
908 2939
2515 7872
908 3577
1043 8240
8240 9556
3577 6720
1797 9556
1043 1308
225 1308
1308 9696
225 2065
2065 4451
4451 8386
6055 8386
6055 7823
7823 8641
1256 8641
4685 8386
2515 7027
242 9696
242 4279
4279 8105
242 2575
2575 2585
2585 5626
96 5626
96 875
96 8888
1108 8888
1108 5999
2585 9844
5239 9844
5239 6488
2364 6488
875 3068
2804 3068
1308 8279
1256 4673
1256 3992
3321 3992
2364 2856
3321 3905
2578 3905
2578 7494
6288 7494
3197 4673
3197 4421
1158 4421
3648 4421
1781 3197
3648 9738
6655 9738
4024 6655
4024 6142
755 6655
755 7339
4673 5884
4572 5884
3304 4572
5750 9618
645 5750
645 7304
7304 8554
8183 8554
2376 8183
2376 8906
1310 8906
3432 8554
3432 8866
3432 4814
350 9738
350 1139
2254 4814
1063 5174
1063 1559
1559 5008
4859 5008
3797 4859
3797 8751
1559 5448
982 7813
982 7906
2183 7906
4284 7906
4284 7050
3449 7050
5346 7494
5346 6685
950 6685
950 3622
3622 6879
950 6593
730 950
730 3944
2650 5346
3944 7643
7643 9933
1691 9933
1691 5962
5940 5962
5115 5940
3361 5115
3361 5534
5534 6049
5942 6049
4709 5942
4179 5942
4179 7077
5580 6049
4021 5940
1270 4021
1270 6238
6238 9763
627 9763
627 9016
7727 9016
3909 7727
977 7727
6879 6960
6960 8620
4860 8620
2727 4860
7266 8620
7266 8804
1973 7266
2727 3281
3281 6681
6681 8109
6042 8109
249 6042
8109 8589
1973 5114
1564 5114
5459 7727
5459 7103
1933 3909
1421 1933
5114 5782
395 5782
395 2542
2542 7814
1487 2542
1199 1487
1199 9071
1487 7366
2095 7366
859 1199
3888 7366
1635 7814
5459 7887
4589 7887
4589 4830
4830 6588
4313 6588
4313 7504
2388 7504
1777 2388
7077 8115
7836 8115
7305 7836
7836 9685
4201 9685
4201 6813
9370 9685
4589 6205
1171 1635
1171 9924
1540 9924
491 9924
491 6037
6037 8022
6037 9657
9396 9657
8028 9657
8028 8587
7412 8587
7412 9287
5150 9287
6006 8587
3674 6006
3674 6525
3674 7107
7107 9321
1656 9321
7609 9321
7609 7683
6962 7683
2392 6962
2392 6228
4369 6228
4066 4369
2717 4066
924 2717
924 6964
3560 6964
3560 6995
6995 8841
2706 8841
2706 9766
6653 9766
5618 6653
4882 5618
4882 7097
7097 7608
1103 7608
2652 7608
2652 5585
4294 5585
1073 4294
1073 7864
2905 6525
2905 8609
7507 8609
6600 7507
2244 2392
2244 6606
6606 8540
1824 8540
6606 8148
4799 8148
5427 8540
2775 5427
4294 7089
6552 7089
6552 8407
7696 8407
1440 7696
5792 7696
2071 6552
5619 5792
4014 7089
4014 6503
6503 7620
7954 8022
2775 3247
3247 4439
4439 9805
7917 9805
1160 9805
7917 8260
7721 8260
1454 7721
2856 5457
3128 5457
468 3128
1166 5457
1270 1972
1972 4175
4175 5477
4258 5477
1919 5619
1919 4636
761 4636
1919 4431
4431 8423
469 4685
469 3929
4369 6580
6260 6580
6252 6260
3393 6260
6580 7062
160 6142
160 6072
3375 6072
508 3375
6072 6831
6831 8527
508 1573
3241 8527
3241 7675
6589 7675
4311 6589
4311 8344
2134 8344
6589 7583
7583 9610
9610 9713
9485 9713
7927 9610
4202 7927
2969 4202
2969 5650
4429 5650
274 2969
274 4031
442 4031
442 786
786 1211
295 5650
295 4952
4952 7635
1968 7635
218 274
502 1968
4202 7321
295 1465
1211 4980
502 9723
7154 9723
7154 7272
7154 8122
2091 8122
2091 4493
1913 9723
1913 8230
471 8230
471 3647
471 3702
3647 3784
2458 3784
2458 9315
6991 9315
3784 9529
3046 9529
243 6991
243 1809
426 1809
319 426
3241 8474
3286 8474
4980 8126
3205 8126
3205 4256
4256 6523
5527 6523
2259 9713
2259 7702
7702 8054
8054 8764
5527 7428
7192 7428
7192 9887
1842 7428
1842 6121
6121 9946
1318 9887
1318 5708
3570 5708
2313 3570
861 2313
31 861
31 6887
97 6887
97 6466
5708 9931
12 3702
12 6286
2306 6286
76 2306
76 157
157 3019
2858 3019
2858 4541
3420 4541
3420 6888
374 3420
374 4185
374 6341
2885 6341
2885 5198
727 5198
727 7433
5198 9834
9784 9834
9125 9784
7329 9125
781 1465
781 4847
781 6304
6304 6848
6848 8923
2794 8923
2794 5520
5520 6402
5520 7131
2961 6402
7131 9604
8227 9604
1026 8227
1026 9843
4772 8227
6807 9843
6807 9823
6807 8493
3509 9823
398 4772
398 2342
855 2342
398 1325
1134 1325
855 2734
2734 6307
5799 6307
5799 8300
8300 8711
8711 9135
5625 9135
2492 5625
588 2492
588 9659
7545 9659
1957 8493
1957 9372
1957 2437
2437 5147
2974 9372
2974 8239
1134 4427
4427 4647
4647 5143
3594 5143
417 9659
7501 9659
4089 5143
1795 5147
1795 8847
588 9102
9102 9894
6849 9894
6849 8699
1825 9102
1825 4324
8699 9705
1380 9705
1380 6634
6634 9812
3106 9812
3106 7915
9001 9812
1081 7915
1081 1739
2797 6634
2690 2797
2797 3893
2690 8400
7601 8400
1739 2416
2416 6068
3537 6068
3537 7044
1141 2416
1141 8758
3897 6068
869 3897
4262 7044
201 4262
417 2174
2174 7656
869 2257
2257 6126
2557 6126
3400 6126
153 3400
153 938
938 8398
938 6075
133 6075
153 297
297 3288
3288 3385
3385 9646
133 137
4657 7601
441 4657
4657 7636
7636 9403
4196 9403
4196 9500
4323 9500
2639 4323
441 4538
1127 4538
4538 5060
4052 5060
3554 4052
3554 5565
5565 6986
2041 6986
421 2041
3859 6986
3857 3859
421 1408
1408 3536
3536 7942
3536 4054
3857 4914
2647 3859
4323 9416
6766 9416
290 6766
290 2022
290 7853
5599 7853
1119 5599
3823 4914
3823 5001
5001 5742
2453 6402
1866 4089
2174 3582
907 3582
5742 9559
7176 9559
8200 9559
1119 8621
8067 8621
5816 8067
7652 8067
3348 7652
5816 7896
7265 7896
3972 8621
3972 8178
5147 9617
1526 9617
2647 5108
483 5108
5108 9735
1656 2166
955 2166
955 9176
7731 9176
7731 8358
2079 8358
1268 2079
1268 7322
7322 8716
7744 9176
6338 7744
6338 7796
7744 8908
2535 8908
2535 4096
377 9176
198 4096
198 6553
5027 6553
1965 5027
1965 3838
1965 7092
3110 7092
3110 8384
2286 3110
1282 2286
1282 7933
6982 7933
5002 7933
5002 8431
1960 8431
1960 8340
1960 6812
1783 6812
617 1783
6812 8035
3848 8035
226 8384
226 285
285 3368
285 8653
3368 8088
2286 4362
8088 9463
8168 8431
6570 8716
6570 8566
7402 8566
7402 9131
6582 9131
6718 9131
6571 6718
998 6582
3005 6582
3005 4941
4941 6949
3232 6949
3232 8836
4873 6949
4873 7700
7700 9516
4823 7700
4823 5488
2807 5488
41 2807
41 7130
7130 7269
4030 8566
198 4070
3838 6882
1201 6882
5738 8088
5738 9731
4329 5738
4097 7269
4097 6369
4097 7222
7222 9870
1295 7092
3848 4544
613 4544
4544 9329
5501 9329
2771 5501
2771 7073
6253 7073
613 5863
516 5863
480 516
171 480
171 7203
5129 7203
516 3546
1437 3546
1437 8307
5129 8265
3512 8265
606 4544
606 7427
4686 5863
4686 5876
2229 5876
808 2229
808 3328
2229 4903
4903 8656
5010 8656
1733 5010
1733 6840
3640 6840
1733 6056
3341 6840
1606 3341
1606 2330
550 2330
6056 9446
550 3308
1606 7725
550 3382
557 3382
557 9859
2501 9859
2501 9404
3328 3977
3977 5643
2501 5024
3013 5024
7725 7925
4650 9446
3629 4650
3629 7271
2109 7271
3629 4954
3501 4954
4954 5881
4178 5881
4178 5097
1805 5097
5881 9570
3273 8265
3273 9888
139 9888
139 9006
4342 9888
8168 9648
8677 9648
3716 8677
3006 8677
3716 8456
4123 8456
832 8456
832 888
3255 4123
888 3411
1201 3276
2586 9463
465 9516
465 7711
4394 7711
928 4394
2191 4394
2191 5858
5858 8223
7518 8223
5426 7518
18 5426
18 4053
4053 7998
338 7998
7518 7797
3121 7797
3121 8165
1175 8223
1175 2129
3180 8165
966 3180
1284 3180
1284 2869
1828 2869
2869 4231
3206 4231
4231 7971
7971 9637
2461 9637
7174 9637
3745 7174
7174 7884
3121 6405
4583 6405
1067 6405
1067 7012
1259 1284
1259 3108
1259 2840
489 2129
7884 9291
3193 8165
3193 9319
1057 9319
1057 5615
1017 3193
2241 5615
2241 8533
2002 8533
3617 7925
451 3617
451 3685
3685 9679
5584 9679
5584 9688
4917 9688
1246 9688
1246 3615
3615 8642
529 4917
529 4729
529 2528
1464 2528
2528 5699
5699 5770
5770 7764
6191 7764
3001 3617
779 3001
3088 9679
3088 4424
4424 6623
6369 7471
712 3128
712 4734
4734 5722
2796 4734
2796 7780
7780 9249
6079 9249
1373 6079
1373 3458
3458 5928
2878 5928
2878 4230
4230 7469
4230 5084
5166 7469
2878 7242
289 5084
5084 9206
6632 9206
1915 6632
1178 1915
1178 7446
1036 7446
7446 9035
7276 9035
1036 2861
2861 8703
6285 9035
6285 9740
292 9740
1028 7276
1028 2687
1028 9011
5166 9164
6724 9164
129 6724
564 9740
564 3291
129 4364
3133 4364
4364 4469
3614 4469
4364 6107
3986 6107
2218 6107
2218 5382
5382 8482
5348 8703
4203 5348
4203 5043
5043 9278
1884 9278
1884 3724
2017 3724
170 1884
170 2684
2684 7624
6788 7624
4203 7088
7088 7091
5472 7091
3207 5472
3207 3976
3520 3976
1905 3207
1506 5472
4461 7624
4461 6565
6565 9615
6871 9615
9019 9615
6871 7809
6702 7809
6702 6891
2640 6891
5012 6891
4461 7919
390 7919
390 9166
4041 9166
4041 5085
4041 5443
5443 6426
5251 6426
5013 5251
5013 9706
8607 9706
8607 8770
8292 8770
5291 8770
2614 5291
2218 5381
288 5381
288 385
385 1419
1419 2668
2668 9956
385 6753
6393 6753
6393 6861
1167 6861
1167 9143
4829 9143
428 1167
428 1646
428 3621
2755 3621
940 2755
940 1720
1335 1720
1646 9839
2675 4829
2675 8052
4829 9613
656 9613
656 8961
1736 8961
1736 7188
7188 8332
5237 8332
5237 7996
964 7996
964 9337
9067 9337
8124 9067
9235 9337
313 9235
313 1738
1738 4666
282 4666
2571 9956
510 2571
510 881
446 881
446 9857
446 7687
4440 7687
2776 9857
2776 5380
4440 5573
5380 5446
5446 8598
5446 7048
1601 7048
336 1601
1601 6524
6524 6900
3780 6702
1016 3780
1373 6583
1717 6583
1717 7699
2640 3152
3152 3387
3387 3853
3853 9785
1639 9784
1639 5677
2445 5677
2445 6212
4551 6212
4049 5824
4049 4310
8714 9731
3339 8714
3339 5648
5648 5724
963 5724
3339 7989
7989 8670
4836 8670
7293 7989
3936 7293
4836 7772
3504 7772
2783 7772
2783 5415
5415 9060
6852 9060
4305 6852
1472 4305
3693 4305
3936 3952
303 3952
303 6937
303 2767
2767 3418
3418 7374
3723 7374
3418 5929
3406 5929
110 3406
110 9207
3723 5865
5865 8013
8013 9778
6694 8013
4964 6694
4964 7247
5356 7247
1090 4964
1090 9678
1090 6442
4494 6442
4494 7856
5830 6442
848 5830
3723 8261
848 7641
7641 7835
1531 7835
1531 8137
2623 9678
2623 6220
6220 8253
7626 8253
5859 8253
5714 5859
6617 9778
562 3406
562 4513
4513 7686
3289 7686
1564 6533
2378 6533
994 2378
994 7152
7105 7152
994 9279
2205 8824
2205 6903
4939 6903
407 4939
3426 8398
3426 4321
2310 4321
2089 3068
2089 6741
6741 7355
870 7355
1474 4143
1474 4612
4612 9095
4612 7255
7037 7255
761 8712
1207 8712
1207 6990
873 2706
873 2954
8534 9870
8108 8332
8108 8548
7861 8548
6615 7861
6615 6656
2370 6656
2370 4038
6788 9415
8461 9415
6635 8461
533 7305
533 3370
3370 7528
7528 7743
7528 7655
1526 6300
6300 9708
1927 9708
1805 8525
320 8525
320 4963
4051 4963
4051 9368
2213 4963
2213 9389
9389 9541
7347 9368
2579 7347
2579 3320
3079 3320
1672 3320
1672 6138
2352 7347
2352 8518
4750 8518
634 4750
634 8471
7486 8471
8471 8688
7384 8688
7384 9369
9369 9757
594 2101
2101 7472
5620 7636
1181 5620
1066 1181
1066 1507
3034 5681
2376 6028
3852 6766
3852 5641
5633 5641
5641 6268
6268 6651
6268 9671
2407 9671
3233 7887
3233 7779
5067 7779
5067 9399
5664 9399
5664 8163
2580 9399
2580 6236
2510 6236
2431 2510
2431 6604
6604 9765
5567 9765
7433 8186
2394 8186
2394 2993
2394 6682
4122 6682
1659 4122
2993 9175
4677 9175
4677 4809
4809 5716
5716 9447
5716 9673
7285 9447
7285 8281
2809 8281
2809 3443
5116 8281
5116 9502
5116 9856
7439 9502
3443 9148
1734 9148
1734 2985
2985 3425
3425 6323
6323 9183
6086 6323
2784 6086
5716 8546
7978 8546
163 7439
163 3123
3123 3891
30 3891
30 7704
6419 7704
7690 7704
485 7690
485 5483
5483 9201
4812 9201
163 9650
4289 9650
4094 4289
2340 9650
2340 2548
1632 2548
2784 7186
8977 9856
1632 7980
1730 7980
3948 4094
3948 7789
1730 5730
5730 8486
5730 6786
3828 6786
3828 7489
1534 7489
1534 5125
5125 6262
6262 8377
2046 8377
2046 8062
414 8062
1569 1659
636 1569
228 636
152 228
152 3557
3557 6431
5200 6431
5200 7801
3557 9929
1874 9929
1874 4303
5200 8522
1622 8522
1622 6036
1929 6036
1929 7001
7001 7020
5430 7020
2353 8522
1236 2353
1929 2401
2401 3225
228 3062
2926 3062
2926 7912
7404 7912
2926 3887
3887 4724
3014 4724
2901 3014
401 7404
3014 3084
2901 7862
6275 7862
783 6275
783 6566
1169 6566
1169 9975
1169 3596
2707 3596
2707 8243
5309 8243
783 9915
1138 9915
1138 7182
842 7182
842 6265
5828 6265
2331 5828
381 5828
381 8144
5572 8144
5313 5572
1375 5572
3921 5313
3921 3965
3965 9591
2894 9591
2894 7068
536 2894
536 8951
8951 9340
2196 8951
4576 7068
3921 9869
8498 9869
364 8951
364 1942
1942 2472
2472 6672
2472 5753
3163 5753
4576 6715
1321 6672
1321 5800
2507 5800
2507 8492
5055 8492
5055 7732
1984 8492
1984 3217
2754 5055
2024 2754
688 2024
688 2928
2754 2913
2913 6089
1555 2928
1555 7101
3914 7101
3914 5425
5425 5751
5751 9860
7009 9860
2924 7009
2108 2924
2864 5425
2864 8221
1375 7748
1742 7748
1742 8496
3352 8496
2196 2656
2621 2656
2621 7442
6715 9492
4163 9492
347 4163
2928 7529
7529 9969
2589 9969
9121 9969
146 9121
1251 3062
3084 4705
4705 8257
311 2589
2462 5309
2462 9989
2064 7732
2064 4333
4333 8033
5161 8033
1252 5161
1050 1252
608 1050
608 1637
1637 5728
5728 8835
2346 8835
2239 5728
1637 2334
2334 4554
2334 5466
5466 8404
3168 4554
2102 3168
2102 9890
2239 4212
4212 9346
4212 4617
3074 4617
4617 5512
5512 8015
1436 8015
6251 9346
86 6251
86 6460
2377 6460
525 2377
525 5604
2699 5604
2056 2699
2056 8123
2636 8123
525 3453
2699 4732
53 4732
7045 8123
5757 7045
4942 5757
1436 8990
4306 8990
4306 6802
3553 8990
3553 6750
141 6750
141 6119
1543 6750
1294 6119
1294 6279
2920 6279
1294 7430
1640 6279
1640 2233
5479 6802
5479 9248
3030 5479
3453 5549
5408 5549
5408 8515
4788 5549
4788 5998
4170 5998
2955 4170
3149 4170
2288 2955
2288 9752
2955 8766
8766 9018
2076 9018
1535 2076
714 1535
714 4432
4432 8986
4205 4432
6572 8986
4205 9874
714 6163
6163 7753
456 7753
456 7710
6163 9425
61 7753
61 2322
2322 9583
8435 9583
2176 9583
2176 4308
4308 5496
1495 5496
318 1495
743 5496
1495 3608
1563 3608
318 8201
2420 8201
1563 8813
5519 8813
5470 5519
1539 5470
61 1898
1311 8813
1311 8041
4386 8041
112 4386
112 4774
1729 9425
1729 9354
4774 9108
3878 9108
3878 7562
2613 7562
2613 8782
2272 8782
2272 2987
3878 7132
4088 7132
4088 9934
4088 4694
2987 7762
2412 7762
5879 7762
3085 7762
3085 9698
60 3085
60 8889
3714 4694
3714 8242
3513 8242
3513 5296
1194 3513
1194 2769
1194 5368
37 4694
37 740
740 4851
4851 7885
1451 2412
598 1451
5894 8889
2769 8012
7260 8012
3410 7260
3410 6459
3994 6459
737 9934
737 4514
4514 8296
737 2860
2860 3044
101 3044
3044 6462
101 7932
2447 6462
947 2447
947 3056
2476 6462
2476 8098
440 8098
3056 4794
2987 3028
457 3994
457 6542
2568 6542
2568 5053
389 5053
389 3126
3097 3126
3097 6647
5608 6647
5608 5936
3764 5936
3764 4363
4363 8606
8606 9576
25 3764
25 6633
5512 8164
5755 8164
1085 5755
1085 2344
2344 3712
660 3712
1311 2426
2426 8698
7565 8698
7565 9015
948 5936
948 1014
1014 7539
1616 7539
4171 7539
1326 4171
1326 7378
497 7378
162 1326
1616 9381
2236 4171
2236 4822
2582 4822
2582 5480
5480 9031
8579 9031
3150 8579
2561 3150
948 7438
6746 7438
5555 6746
2208 5555
2208 9056
1290 9056
1290 5583
2404 5583
2404 3925
3925 8933
3868 9056
3868 8507
6708 8507
6708 8891
6708 9909
1724 9909
1724 3360
3360 4177
2596 4177
2369 2596
1523 9909
2596 7570
1414 7570
7570 9898
6763 9898
3057 6763
3057 5845
1202 9752
1523 3011
2381 3011
2381 8651
1585 8651
1585 1778
1778 6207
1778 6911
2320 6911
6911 8303
2320 8333
2836 8333
8335 8651
1769 8335
2088 5480
2088 8741
2035 8741
1023 8741
1023 3967
3967 6098
1780 6098
3967 4254
4254 5087
3984 5087
3984 9387
7680 9387
4957 7680
4957 9197
8624 9197
7691 8624
7680 7755
6896 7755
3688 6896
3688 6356
1616 2423
2367 2423
2423 7922
7922 9054
270 9054
270 8139
8139 8736
193 2367
2470 9346
2924 8131
3620 4788
3620 8345
7822 8345
7677 8345
199 3097
199 9605
8965 9605
2424 8965
5296 5853
5087 7120
4826 7120
4436 4826
1609 4436
1609 3735
3735 8927
3735 6168
168 6168
168 5452
4272 5452
5452 5931
5931 7387
5931 6158
3626 6158
901 6158
1345 3626
1345 6733
423 901
423 6261
2326 6261
300 2326
423 3201
423 9453
6925 9453
6160 6925
5690 8927
5690 9003
2004 9003
4992 9003
4992 7901
7901 9959
6484 9959
6257 6484
2669 6257
669 6484
669 1651
1651 4478
3147 4478
3147 6360
6360 6574
6574 9635
4992 5269
5269 7715
5383 7715
5383 5906
5906 6827
6827 9336
2909 7715
2909 4247
4247 8189
8189 9626
9042 9626
9042 9827
7279 8189
2805 7279
739 2805
739 4994
739 2078
335 2078
335 2991
2991 7557
1978 4994
1978 2234
2016 2234
2016 9837
1220 9837
2063 9837
2063 3579
3579 5842
962 5842
962 5256
2660 6827
2660 3196
3196 4974
4974 5445
2078 8076
5387 8076
4100 5387
1258 8076
1258 3549
7295 9336
3428 7295
2270 3428
3428 5017
3444 5017
3444 8187
3090 3444
5254 8187
3898 5254
3898 4546
2055 4546
2055 4108
2121 5254
2121 4389
4064 4389
4064 7028
2121 6439
1786 6439
450 1786
450 9008
2777 9008
1745 2777
1745 1854
1745 5049
1854 9483
1560 9483
1097 4108
1097 6231
6231 9334
7860 9334
1966 7860
1966 8172
814 8172
814 5908
5288 5908
5288 6822
6368 6822
3661 6368
4893 6368
4893 6446
5068 6446
954 5068
954 5821
1883 5821
1883 6890
5068 7651
7860 9807
7476 7651
7476 9721
4826 7457
6217 7457
6217 9715
1015 9715
484 1015
484 9517
2887 9517
2887 7415
6662 6715
6662 7705
2478 7705
7555 7705
3592 7555
2726 3592
1144 2726
1144 4811
4207 4811
1337 4207
939 4207
1706 7555
2653 9354
2204 2653
2204 5901
2446 5901
816 2446
2446 7975
7238 7975
7238 7790
2072 7790
937 2072
2072 8136
8136 9070
790 9070
790 5453
4590 5453
790 5332
4740 5332
4675 5332
937 1386
1386 1940
1940 5986
4103 5986
1940 4877
1986 4877
1986 6008
5121 6008
5121 5862
618 5862
749 5862
749 6249
277 6249
1629 4103
6249 8046
2709 8046
2709 7429
2880 4590
2880 7408
4962 7408
4962 5777
5777 5910
5910 8803
7403 8803
2481 5910
2481 8353
2481 3229
3229 7373
7373 9365
724 8353
4614 9365
3172 4614
1997 3172
9752 9943
748 5466
748 1895
1895 5698
4413 5698
4413 7283
5324 5698
4413 9103
5324 9190
9190 9418
7151 9418
4411 9418
4411 6987
3195 6987
3195 5411
5411 7087
601 5411
4396 7087
2230 4396
2230 6202
6202 9897
8376 9897
438 8376
438 3052
3052 4786
438 9417
3045 3052
1539 7263
7241 7263
7241 8757
6886 7263
6886 8721
399 8721
399 1027
595 1027
399 9392
595 2156
2156 9662
7589 9662
4642 7589
2495 7589
330 816
9302 9721
1757 9302
1591 1757
1591 2868
1757 9761
5419 9302
5101 5419
5101 6506
5101 6564
3814 6564
6058 6506
6058 9606
4629 4642
1406 4629
6382 6633
6382 9930
4908 9930
4908 7127
6010 7127
6010 7300
2929 7300
3584 6010
3584 7309
5774 7309
5494 9930
3225 8549
3421 8549
440 5247
5247 7536
1121 9190
1121 1435
1435 2329
2329 5746
3081 5746
2384 3081
3081 8365
8365 9171
45 9171
45 3598
5746 9474
9474 9609
9338 9609
1467 3598
1467 6541
1802 6541
2217 6541
2217 4209
676 4209
676 9547
5329 9547
1504 4209
8469 9547
1802 2391
3828 4140
4140 5545
2459 7279
814 9202
8008 9202
3198 8008
13 8008
6732 9202
13 5050
3436 5050
3436 9468
1098 9468
4780 6732
1956 4780
1956 4483
829 4483
476 1956
829 7935
7386 7935
574 7935
8124 9280
1171 9284
1875 9284
9268 9284
1875 6660
5395 6660
5395 5991
6660 8114
5947 8114
7586 9268
8932 9268
7586 9301
4509 8932
4509 6016
6016 6060
6879 9327
1564 2053
6016 8465
3298 8465
3298 9422
2597 9422
1995 2597
1995 7052
4085 7052
4439 9565
3299 6160
3299 5916
3299 9719
8870 9719
2715 8870
2715 8446
5107 8446
5107 7148
6258 7148
254 6258
7148 8402
6654 8402
4286 6258
4286 8694
8055 8694
3222 8055
1958 3222
2877 3222
429 1958
429 7777
1129 6654
1129 2638
4286 4547
565 4547
565 4736
8127 8446
7777 8631
3075 8631
3601 8631
3601 8702
3601 4393
4393 8562
1529 8562
1529 4664
370 1529
370 2764
370 7006
5169 7006
3496 5169
1384 3496
1384 9711
7261 9711
7261 7874
1998 7874
3135 7874
1998 7380
43 7380
1022 7380
1022 1221
1221 5587
1022 9589
4806 9589
2389 4806
7752 7874
7752 9350
9271 9350
1384 3873
3873 7492
7492 7540
999 7540
3843 8702
3843 4296
3747 4296
3747 8762
3843 6362
6362 9522
4868 9522
999 9781
4742 9781
4742 7356
3915 4806
5371 5587
4505 7356
997 4505
997 3140
997 2441
2441 6078
5037 6078
5037 6112
6112 9993
661 9993
2001 5037
2001 8928
6842 8928
927 6842
2764 6025
693 6025
2200 6025
1917 2200
792 1917
792 3899
3899 6870
2716 5037
2716 4669
2215 4669
2215 6899
6612 8762
3915 8506
3270 8506
3270 9770
7253 9770
5102 7253
7253 8258
8258 9798
6699 9770
2841 9798
2841 9880
5025 5102
5025 9817
4951 9817
927 1660
693 3050
2822 3050
2822 4235
4235 7129
1660 7425
6976 7425
2723 7425
2723 9700
5331 9700
4215 9700
514 4215
514 7999
514 8319
2679 4547
999 1586
1586 3252
1989 3252
1989 8969
1586 8944
3103 6899
3747 3880
3880 5666
5468 5666
1587 5468
1587 8337
3975 8337
3975 9568
2411 3103
1602 2411
1602 6528
6528 6850
1208 6850
1200 1208
1208 9442
55 1200
388 5331
388 3137
3137 8524
4354 8524
272 4354
272 6757
272 2390
6757 9123
736 9123
736 1460
2390 6543
6543 8552
1460 9885
2440 9885
2440 4798
4798 4991
4991 7138
4798 7584
7584 8256
7709 9123
6235 7709
5655 6235
3644 5655
5655 5843
5843 7333
7333 7519
6456 7519
7312 7519
523 2440
523 1086
1086 4965
3538 4965
3538 4435
2099 4435
4965 6178
1843 7333
1843 3610
3610 4881
4881 6645
951 7138
951 3234
3234 9017
54 9017
54 8336
54 4613
2801 4613
2801 4905
4874 4905
1212 4874
1212 5475
1212 5295
5295 8913
281 8913
281 7791
7791 9152
2947 8336
1150 2947
81 1150
81 6071
5703 6071
1379 5703
1379 8767
416 8767
2976 8767
2976 5561
5561 9310
7979 9310
6624 7979
4221 7979
2439 4221
2439 4080
1662 5561
1662 9473
4080 9244
8266 9244
8266 9254
1549 9254
1549 8184
6772 9254
51 6772
51 2309
2309 5083
5042 5083
787 6624
1549 7021
1753 4080
1753 3409
1753 2725
2725 9099
5083 6845
6794 6845
269 6845
269 4843
8184 8472
2845 8472
334 2845
4611 8472
334 9079
2271 9079
2271 5437
2845 6289
1951 6289
6845 8787
7759 8787
47 7759
47 1992
1992 5945
2802 5945
2802 5602
5513 5602
1992 8910
2725 2842
2202 2842
2725 3125
5602 7714
3275 7714
2042 3275
2042 9963
1424 9963
1424 2393
2393 4946
4946 8132
1091 8132
1091 9189
1058 1091
1058 4597
4597 8614
1091 3672
3672 8291
1807 8291
1807 5253
3820 5253
4220 8291
4220 6630
3820 8071
8071 9433
6520 9433
1907 6520
4302 8614
4302 9536
2263 9536
5952 9536
2263 5246
5885 5952
5885 6537
5617 6537
5617 9504
304 9504
304 1565
1179 9504
1565 9014
304 7574
1179 2870
4187 7574
4187 4886
4886 6386
8323 9014
4336 8323
6373 7574
2661 6373
2661 7623
2870 7560
7560 8970
5823 8970
5823 7745
2084 5823
2084 7530
1907 9335
4570 9335
553 4570
528 4570
4597 6700
1907 2422
2422 4347
856 4347
2042 5571
6664 8323
2187 7486
1912 2187
1912 6346
6346 7868
729 7868
2187 8050
729 5307
3248 5307
3248 7903
7903 8199
815 8199
815 5888
2097 5888
2097 2890
2097 7330
4227 7330
4227 7047
255 7047
602 815
602 6668
4082 6668
4082 8060
599 8060
599 6642
5400 6642
5803 6642
5400 6610
5170 6610
5465 6610
599 3051
625 3051
625 3818
756 3818
756 4565
1445 4565
821 4565
756 2032
255 4928
2464 3248
2464 4380
3191 4380
3191 3770
3770 9970
2136 9970
2136 4752
4725 4752
3519 9970
1610 7330
1610 5509
5440 5509
5440 8305
5509 5638
3494 5638
2186 3494
458 2186
2186 7160
7160 7324
1671 7324
1671 6309
1071 6309
1071 9402
561 9402
561 6643
3277 6643
3277 9398
1855 9398
996 3277
996 2120
996 2087
2120 3238
445 3238
2087 6197
6197 7177
5096 7177
2663 5096
2663 3213
4406 5096
2960 4406
3213 8655
7177 8822
1820 2960
8375 8655
2960 9918
652 9918
652 5734
5734 9748
7577 9748
6550 7577
4168 6550
4102 7577
2934 4102
2934 4790
356 445
356 9196
6865 9196
6383 9196
2730 6383
2730 8233
492 8233
652 4833
4833 7464
1453 7464
1453 4885
2728 4885
4102 9062
8557 9062
6007 8557
352 6007
7367 9062
474 7367
545 4885
1943 2887
1943 4842
372 3393
372 4091
1076 4091
1076 1446
1076 8045
2318 8045
4091 9750
616 9750
616 9383
4189 9383
2750 4189
4189 8401
8147 8401
6783 8147
1403 6783
1403 9730
6211 6783
6159 9730
1374 6159
1374 3399
3399 7200
7200 8274
8401 9265
6211 7244
2569 7244
2569 2608
2608 6836
2527 6836
2527 3675
3220 3675
3220 8529
8529 9904
3212 9904
3212 7558
3675 6114
5869 6114
1848 5869
6114 8563
1848 8768
1768 8768
1768 9790
1768 9978
6885 9790
6885 6909
3603 6909
3603 3864
3176 3864
2141 3176
2141 3839
3839 5768
3951 5768
5768 7670
3118 7670
3118 3750
3750 9640
2879 9640
3750 4150
2827 4150
2827 2994
2994 3571
2827 3354
3571 5669
5669 8647
4562 8647
654 4562
654 4117
2297 4117
1281 3118
2141 3692
3391 9904
2855 9790
2855 9438
2044 9438
2044 7278
2044 4199
2565 4199
4199 6201
2908 6201
2908 5547
5359 9438
4549 6201
117 4549
117 1818
1502 1818
117 6719
1818 2050
2050 5652
5652 7179
5732 7179
2628 5732
2050 6779
6779 7065
2556 2628
3078 7179
1877 2556
1877 8459
1877 9506
20 9506
20 7224
3078 9747
3189 9747
3189 4627
4627 4634
3379 4634
3379 8761
2925 8761
1542 2925
5701 7224
1735 5701
1735 8379
5715 8379
1482 1542
1482 4504
4504 9449
6843 9449
6326 6843
6326 9983
9227 9983
8613 9983
5547 8141
3237 5359
325 3237
325 2117
2112 7224
2112 7909
7201 7909
3671 7909
6857 7201
1741 6857
1741 8458
3671 8489
7201 8441
1625 8441
1625 4749
1625 7571
1317 7571
1317 7619
7619 9181
6979 9181
6639 6979
4749 6996
6996 7379
3139 7379
66 7379
66 4593
5737 6639
3996 6639
3071 3996
3071 5283
2567 5283
2567 7053
66 1369
1151 4593
1151 6904
6904 9759
2238 6904
2238 5794
5794 5802
5802 7296
2238 3066
179 3066
5794 9345
6851 9345
2045 9345
2045 4111
2973 4111
433 2973
2973 4405
4405 4676
4676 5413
5413 6498
6498 8972
6314 8972
6314 8568
8568 9937
2496 9937
902 2496
902 3813
3514 3813
3813 8732
644 8732
644 1084
1084 9892
1762 9892
1762 1945
1579 1762
1579 1789
1789 8484
7440 8484
1789 8788
7320 8788
3709 7440
3709 6422
6422 8080
3060 8080
3060 8995
3340 8995
3340 8528
1010 8995
437 1010
437 4017
978 8528
978 6723
6723 7128
1084 3484
3484 8690
437 2013
2013 2301
2301 3381
3381 9410
4290 9410
4290 5508
5508 8313
301 8313
301 7358
7358 9411
5439 9411
5439 6567
3663 6567
301 1491
1491 5436
7358 7485
5280 8732
2252 5280
969 8528
969 9988
9168 9988
2252 8678
3740 8678
3740 7252
772 3740
772 4109
4109 7470
2068 7470
7470 8226
2068 3565
3565 4076
991 4076
8215 8226
5760 8215
5760 9670
581 9670
581 7625
7625 9191
7625 8225
3457 8225
1391 8225
1391 5790
3457 5691
4682 5691
3438 8678
3438 4033
2252 6433
6433 6736
866 4033
866 9501
1132 9501
78 1132
78 8574
341 8574
341 9782
8169 9782
8169 9858
8169 8485
1723 8485
1723 5276
1448 5276
1448 6697
6697 7217
3834 7217
3274 6697
3274 3318
7739 9858
1791 7739
1791 9264
7672 9264
2295 7672
5614 7672
24 9264
24 4719
5654 7739
24 968
968 9903
4283 9903
683 9903
3682 8574
57 3682
1448 3257
3257 6983
520 6983
6190 7619
822 6190
822 9952
5701 6726
1248 6726
1248 3331
3877 6726
902 1494
1494 2919
1494 8330
3297 8330
1254 2919
1254 7227
2506 7227
7227 7767
5289 7767
5289 9977
8264 9977
8330 9179
7070 9179
7270 9179
7270 8724
5525 8724
7070 8725
5525 7603
7603 9150
2599 9150
2599 4969
4969 9419
4625 9419
5289 8623
1441 8623
1441 4013
8623 9607
3351 9607
3065 3351
3065 6458
718 6458
718 5814
5814 6516
2615 6458
2615 6953
4782 6953
433 750
750 4739
1845 3399
1845 9476
746 1845
6320 8274
1254 4645
3454 4782
2610 3454
2345 5790
2345 2514
2345 6140
3710 6140
3710 9997
5225 6140
4074 5225
5029 5225
5029 9311
2103 9311
7445 9311
992 7445
992 5206
992 2592
2592 7482
3290 7482
952 3290
2592 3633
5206 7090
580 3633
911 7090
911 6424
5103 6424
911 1104
1104 1570
1104 3268
3408 9968
3408 3646
3646 8537
6371 7864
4216 6371
4216 4442
4216 8393
4216 9578
88 9578
6914 9578
4442 6704
3127 6704
3127 6475
6475 8634
458 3763
3763 9184
1490 9184
1490 9919
6603 9184
6603 7987
2435 8736
708 2435
708 9437
5997 9437
8091 9437
7334 8091
4050 7334
1006 4050
1006 9550
3999 9550
268 3999
268 5285
5285 9600
2164 9550
396 1006
396 2685
84 2685
84 8907
8036 8907
8036 9638
6638 9638
5074 6638
7769 8036
3840 7769
4741 6638
84 1060
3415 3840
3415 5409
1164 5409
4741 7838
268 6756
5272 6756
2253 5272
2253 4497
2956 6756
1686 2956
1686 2617
2617 4400
5272 7228
380 7228
380 9877
380 3623
1761 3623
1761 2916
2008 7838
2008 6838
899 9731
899 7974
585 7974
3147 6585
6585 8975
5376 8975
1511 5376
1511 9494
1852 9494
4585 9494
73 1852
73 5263
702 5263
702 2700
1653 2700
3993 5263
3993 8645
5094 8645
5094 5552
5433 5552
3216 5094
3216 9238
275 3993
275 2449
275 5177
4607 5177
1792 5433
1792 7799
7799 9158
5278 9158
5278 5365
5365 7343
1359 7343
294 1359
3707 7343
3707 4532
4532 7893
7893 8476
7793 7893
809 7793
809 8845
5044 7793
5044 6487
4588 6487
16 4588
16 3957
2907 3957
5044 9004
2604 8476
2604 4222
4222 8267
2563 4222
2563 3969
3969 6152
6152 6980
6980 7658
7658 8715
4449 8715
4449 7452
2850 7452
4571 6980
1402 4571
1402 7273
1402 9290
6494 9290
52 4571
4571 4637
5456 6494
6494 8138
8138 9374
1105 9374
1078 1105
1078 3107
1078 8388
1633 8388
3107 9661
5279 9661
4422 5279
4422 4516
4422 6319
4516 7750
7750 8066
8066 9733
2671 9733
2671 7282
4754 8066
7282 7676
4754 9366
1192 9733
1192 9774
7676 9980
3829 8388
3829 6873
1779 6873
1779 9562
7029 9562
3069 9562
3069 5123
5123 6148
2096 7029
2096 6034
2315 6148
2315 9464
6227 9464
7281 9464
4733 7281
4791 7281
4791 9921
7513 9921
5217 7513
5217 9699
6955 7513
1851 9699
983 6034
983 1398
1398 9049
2793 9049
2793 6021
2793 3194
3194 9223
7582 9223
7582 8523
4901 8523
4892 8523
79 4892
79 1277
1277 4978
6955 7161
6034 6684
180 6684
6684 8572
8572 9309
8572 8780
2159 8780
1628 2159
1628 7647
2355 7647
960 2355
960 8881
4418 8881
4418 6847
415 960
6868 8881
415 5497
5497 9069
79 1830
800 1830
800 6621
511 9049
511 9488
4779 9488
3973 4779
3973 6586
2606 6586
2606 3157
3157 5467
4978 6689
488 6689
488 2605
488 6799
488 9481
1486 5467
283 1486
283 3749
3203 3749
3203 9308
3805 9308
9229 9308
1486 2021
79 2235
2203 2235
2235 8669
8669 9914
324 9914
7060 9914
7161 8663
1238 8663
1238 3155
8570 9980
4093 8570
4093 9917
4166 9917
4093 5454
8570 9216
2337 9216
3102 4166
1367 9699
1367 7292
1105 7952
324 9546
8959 9546
3058 8959
858 9481
858 6301
6301 7520
1871 6301
1871 4537
1871 9916
9293 9916
6547 9293
4241 6547
7520 8818
4241 6087
4428 6087
4428 6245
4953 6245
2601 6087
2601 4239
8818 8893
2549 8893
2549 9145
4953 9231
8190 9145
1241 8190
1241 2493
2493 5414
5414 6744
1841 6744
1841 9829
680 1841
680 8594
8385 8594
2970 8385
2970 9139
5414 6284
3912 6284
3912 6480
6480 7940
7102 7940
326 7940
326 5181
326 9563
4454 9563
2486 4454
2486 2543
4454 5040
2543 9484
4687 9484
4687 9498
5806 9498
214 5040
214 6627
3464 6627
3464 7930
2917 7930
2312 2917
3960 6627
2029 3960
358 2029
358 7064
3541 7064
2828 3541
3541 6495
2828 9990
1473 9990
1473 2737
1473 4711
5022 6495
769 5806
769 8134
1941 8134
1941 6343
6223 8134
5300 6223
4639 5300
2248 5300
3258 3960
6343 6754
1342 6754
2737 5707
5707 6155
2943 6495
3258 7688
3912 6105
897 6105
49 897
49 7607
7607 9551
8247 9551
1598 8247
1598 5135
6173 9551
1832 6173
1218 1832
1832 2143
897 9348
180 3292
3292 7061
3590 7061
3590 5441
5441 9144
3590 7218
7218 9881
1636 9881
5806 8559
4139 8559
2957 7688
2957 8811
554 5454
554 4151
554 9587
8615 9069
770 8615
1432 3805
1432 5305
1432 4628
5305 6241
6241 6934
4976 6241
324 7181
5707 7159
49 8541
8541 9401
4907 8541
2703 4907
2703 4805
5841 9401
791 4239
791 923
923 4288
4087 4288
4288 5946
5946 9958
4087 7594
5924 5946
5924 8077
7122 8077
2163 7594
2163 9560
2678 7122
7122 7632
7632 8706
2678 5241
5241 7365
4872 7365
1459 7365
4872 8661
8430 8661
209 8430
209 2223
2223 8348
6181 8348
1831 2223
1831 9159
1577 9159
921 1577
7783 8661
5435 7783
5241 8550
7484 8550
2704 7484
2704 5506
5575 8550
5575 9347
1024 9347
2228 5575
2228 4927
4927 8417
1024 4530
4539 8417
2382 4539
2382 9149
2949 9149
5563 9149
5563 9057
7206 9057
1718 9057
1718 6530
4720 6530
2500 4720
4530 9795
147 9795
147 8937
7650 8937
3562 9795
3562 3639
7453 7650
6123 7453
3355 6123
3181 3355
3355 7833
7833 8503
3562 8442
3468 8442
3468 5194
4280 5194
2522 3468
2522 5234
559 5234
559 6448
1191 1718
4539 4949
4949 5531
5531 6023
5431 5531
3821 5431
3018 6754
3018 7340
7340 9317
2577 9317
2477 2577
2477 7375
7340 9808
3300 9808
3834 8644
1612 8644
40 1612
1191 2904
2904 8660
7167 8172
4197 7769
2824 4197
156 2824
156 677
677 3666
3666 6417
156 4507
1129 1970
336 2299
169 2299
169 8207
8207 8342
3367 8207
1764 8342
1764 9478
7904 9478
3806 7904
2387 7904
2387 3758
570 3758
570 2978
2978 5917
5917 7847
7847 9034
9034 9845
3266 9845
3266 6755
970 6755
7646 9845
970 6412
6412 7886
3627 7886
3627 7318
1257 7318
1257 2148
6755 8107
5673 8107
4120 5673
4120 5990
5021 5990
4120 6584
2222 6584
4356 5990
4356 6451
5560 6412
279 5560
3462 5560
3462 9863
3109 9863
3109 9836
3109 4387
422 4387
422 5791
1576 2148
1576 9744
4556 9744
2148 3567
3567 9041
3567 5818
2258 5818
2950 9041
2950 8362
6598 8362
4384 6598
4384 5759
4670 5759
4542 4670
4542 6428
3377 6428
5759 9127
7364 9127
4755 7364
4339 4755
4339 4918
4918 5944
1649 4918
1649 5697
3009 5697
3009 3979
4878 5944
3377 9627
3979 6162
4397 6162
4397 5018
5007 9627
5007 5249
4820 5249
4820 8930
5007 6629
5007 8334
5369 8334
5369 8174
2090 8174
8504 8930
3803 8504
3803 5069
5069 9496
1204 9496
3073 8504
1128 3073
1204 3827
5208 9496
4404 5208
4404 6051
1835 6051
1835 7372
6051 6578
2533 6629
2533 9584
3448 9584
3021 3448
2131 9584
420 2131
3021 9935
5282 9935
1799 5282
1799 6993
1799 5848
5848 9788
2131 9809
7246 9809
2751 7246
2751 7385
1051 7385
4555 7385
1051 8676
105 1051
105 2189
2189 3876
752 3876
2644 3876
2644 6706
1687 6706
1687 6465
2618 6706
6293 6465
2305 6293
2618 4341
32 6465
32 5994
3733 4341
4341 7770
3188 7770
3188 9259
6019 9259
4594 9259
3239 4594
3239 4889
4762 4889
2595 4889
2595 6329
4762 8905
2812 8905
7770 9106
4911 9106
2812 6183
6183 9094
2758 9094
2758 5822
5822 7005
2019 7005
1677 2019
1677 2541
1677 7290
7290 8371
2039 8371
4911 7004
2305 5157
4206 5157
2541 8981
3665 8981
3665 8897
454 3665
454 6658
6658 8331
6103 8331
6103 6765
5473 6765
391 5473
391 4260
391 9178
6366 9178
6103 7313
7313 8695
3667 9178
2584 7313
2584 8209
2584 3765
3765 5132
3507 5132
1176 3507
605 1176
7388 8209
1578 7388
1578 6670
638 6670
638 4063
1980 4063
1980 8900
8900 9124
3269 9124
3269 4092
3269 3493
2873 8900
2873 5326
3493 7829
5326 6271
4063 9598
1442 9598
1442 4802
641 3239
641 6097
6097 7542
208 7542
1083 6097
208 6853
1642 6853
266 6853
266 3067
266 9232
3067 3817
3817 4314
44 3067
44 6544
6544 7236
6544 9209
2231 9209
8815 9209
657 5326
657 9645
657 9010
4728 9010
4156 4728
1092 4156
930 1092
930 2171
930 4190
3326 4190
2007 3326
2007 4455
4455 5398
904 5398
4455 4989
4989 8437
8437 9776
1689 5398
1689 6054
1689 4955
4955 6169
4162 6169
3240 4162
850 3240
850 5735
3240 7723
4162 7477
2491 7477
2269 7723
2269 8561
2269 3371
3371 3612
3371 9221
9221 9351
9093 9221
9093 9828
9364 9828
4251 8561
4251 6122
6122 6147
93 6054
4726 6169
4726 7512
5745 7512
1355 5745
1243 1355
1243 4898
841 5745
841 1008
1355 4457
4457 8294
3650 4457
3650 4569
4569 5896
819 5896
819 4240
4352 8294
4240 6607
896 6607
896 6531
6531 6961
1120 6531
1962 6607
3987 6961
3987 5776
1477 3987
1477 7498
7498 8479
5052 5776
2479 5052
2479 4250
2119 4240
7957 8479
1567 7957
1567 7245
7245 8218
503 8218
2268 7245
503 7042
4300 7957
3894 4300
3894 8197
3894 8992
6044 7042
642 6044
642 6594
2119 5723
1080 5723
1080 9114
5266 9114
956 5266
5266 7758
6880 7758
1887 6880
1887 7248
7248 8235
8235 8539
8539 9107
7590 8539
1080 1385
6880 9590
679 9590
679 7015
4285 7015
4118 7590
1385 4985
3407 4985
284 3407
284 3398
679 7493
252 7493
252 6767
4533 7493
4533 7959
4662 7959
4662 5450
5450 9899
2818 9899
2482 2818
2482 6945
2999 6945
2999 9693
9693 9938
9564 9693
1593 9564
1593 7307
2526 7307
2526 5892
5892 8429
4361 5892
2526 3287
689 3287
689 5672
4361 5969
689 3466
1020 3466
919 1020
919 8428
1020 6810
6810 8007
7604 8007
493 7604
2816 5969
7521 8007
6619 7521
6108 6619
4460 6108
4460 6302
2201 6302
333 6302
333 2298
2298 3434
2067 2298
1116 2067
1116 6453
6453 8044
6240 6453
8044 8304
2335 8044
551 2335
5949 8304
2175 3434
6240 8409
5713 8409
7468 8304
5304 7468
5304 8863
1187 8863
1187 4181
2111 4181
2111 9636
3430 9636
3430 3871
3871 7742
623 7742
7742 7806
571 7806
623 8216
8216 9710
2255 9710
2456 9710
3521 8216
3521 8185
7526 8185
721 7526
3521 4445
4445 4717
3630 7806
1443 3630
1443 3795
3795 4808
4641 4808
7526 8120
571 2469
2469 2871
4641 9036
759 9036
759 8373
799 4808
799 3433
3433 9423
3433 6591
5769 6591
2201 4930
4930 6971
2612 4930
3434 8610
2278 8610
2612 7616
5826 7616
5826 8868
7362 8868
4706 7362
4706 5119
1726 5119
1726 5197
4748 5119
2696 4748
2696 7682
5498 7682
5498 9658
7682 8646
4147 8646
4147 4563
5956 8646
5956 8763
2182 4563
2182 3954
2247 3954
3954 7079
2247 6340
4668 6340
566 7079
4856 6340
566 6225
2247 4154
4154 5327
1349 5327
2249 4706
2249 7800
5826 8234
4668 8366
8366 9596
3522 9596
3522 7040
3260 9596
3260 4332
3260 5905
2513 5905
2513 4947
953 7040
953 8175
3113 8175
6469 8175
5797 6469
5797 6988
2110 6988
2110 3173
3173 8086
5622 6988
5622 7346
343 7346
343 8856
918 8856
918 7638
2463 5905
2463 6444
2681 3173
2681 7654
3916 7654
2672 3916
3670 3916
3670 8514
3916 9886
2400 7654
4376 9886
578 4376
578 8903
8576 8903
976 8576
1725 5197
4517 8856
4517 8666
8018 8666
2645 8018
4727 8666
5245 8666
4249 4727
4249 7418
5950 7418
5950 8255
8255 8657
121 8657
8255 9098
235 9098
235 8915
235 6924
1679 6924
1378 1679
1353 1378
6626 7418
6626 7223
2061 7223
215 9658
215 4217
3981 4217
3981 5393
215 9803
5393 6092
6092 6576
6529 6576
3981 9434
8707 9434
5515 9434
1703 5515
1703 8691
1512 8707
165 1512
6092 8774
793 8774
793 7510
487 7510
487 1675
5984 6619
759 7189
872 7189
5203 6576
3892 5203
3892 7844
183 7844
7844 8855
1165 5769
1165 2276
1719 2276
1353 8837
1790 8837
1229 1790
1229 4550
1229 6184
6184 6203
6184 7902
7902 8282
3578 7902
3578 7196
2825 4550
2825 7871
10 7871
10 1377
1377 5595
5595 9676
7907 9676
7907 7944
917 7907
3578 7259
6594 7969
7969 8894
9107 9896
3860 9896
3860 7264
7264 8159
1910 8159
1910 7569
6214 7569
2729 6214
1476 2729
6214 7172
7172 9353
906 9353
906 3533
1910 2923
3649 9353
3649 4131
3649 4866
4866 7171
7171 7741
1519 7171
1131 1519
239 1519
233 239
7741 9044
1142 9044
1142 6370
9044 9593
4866 8078
3017 8078
3017 8182
3860 4933
4285 8752
844 8752
844 6803
3727 8752
1719 3962
2594 3962
493 6282
5134 6282
5134 9358
5134 5485
3664 5485
3664 3908
637 3908
637 8616
2874 3908
637 3224
6975 8616
524 6975
524 4793
6282 9549
7831 9549
3251 7831
698 3251
698 4863
4863 7846
494 7846
494 2018
2018 9028
494 6787
2339 6787
2339 5056
99 4863
5056 9379
2419 9379
2419 4350
4350 7316
7316 9118
1147 7316
1147 2800
885 2800
2243 9118
1227 2243
67 1227
67 961
961 4037
4037 9850
3844 9850
216 3844
35 3844
35 8902
8902 9260
2083 9260
4751 8902
943 4751
943 8553
916 3844
961 1605
584 1605
584 7534
5080 7534
5080 5260
1234 5260
7327 9118
63 885
1605 7736
2083 8991
1530 8991
1530 9780
2083 6657
6657 7578
7578 7698
6088 7698
1484 3667
1484 9724
2467 9724
2467 4906
2467 6041
4906 9905
1222 9905
2815 9905
2815 4004
4004 4006
733 6041
733 8600
6677 9724
6427 6677
1484 4656
72 1222
584 8909
8909 9251
7737 9251
267 7737
267 7483
7483 7849
1123 7849
1123 5528
4890 5052
4890 8941
2135 8941
2135 6500
5349 6500
5349 6474
5825 6500
878 5825
913 5825
913 6554
2167 6554
6554 6712
384 6712
3474 6712
3474 7212
3033 7212
967 6712
967 7645
2167 7851
826 7851
1527 7851
384 1364
1364 8801
6805 8801
2415 6805
2415 9299
5165 9299
1433 9299
1356 1433
1356 8558
8558 9091
1856 9091
1856 3405
3405 6835
4075 6835
4075 9842
3822 9842
6473 9842
1645 3822
1645 4419
4419 9941
4683 9941
328 4683
328 6618
6618 8911
8911 9391
4926 9391
4683 8145
6050 8145
5317 6050
3597 5317
74 3597
6473 7467
5971 7467
4055 5971
4055 4660
4660 8962
8672 8962
1356 4327
4327 6667
6667 8674
8543 8674
8543 9789
701 9789
701 8755
3762 8755
3762 9306
4211 8755
1393 4211
1393 5918
7847 8797
3573 3727
3573 5128
5128 7550
2739 5128
2739 9777
2258 8630
2714 8630
7820 8630
2374 7820
2374 4827
7820 9137
7251 9137
4351 7251
2374 4095
7251 8976
909 8976
909 6901
6901 7069
4012 7069
4012 4703
4012 7394
111 8976
4011 4703
3607 4095
3656 7394
3656 5345
3607 5284
378 5284
111 7573
2788 7573
7573 8729
5071 8729
2140 7573
895 2140
895 5088
2795 5088
378 8324
5187 8324
439 5187
439 2821
2821 3136
3136 8850
4977 8850
1062 4977
1062 8865
2546 5187
5676 8865
5676 9477
6710 9477
5089 6710
3862 5089
4391 5089
4368 4391
4368 9511
6932 9511
6932 9957
4459 9957
4391 9992
8130 9992
2438 8130
2438 8023
4237 8023
4237 9255
8650 9255
8299 8650
2630 9255
2630 4883
4883 7465
6808 7465
2540 6808
2540 6540
1287 2540
1287 7561
2336 6540
1746 2336
1746 7962
2336 6030
291 6030
291 1663
1663 8455
1661 8455
1661 8564
8564 8626
8626 8745
3083 8745
34 3083
1231 3083
34 4293
4293 6731
6932 9961
7610 9961
475 7610
3492 3862
3492 9654
4459 6912
1663 6157
674 6157
674 1932
674 2762
2762 9585
590 9585
7610 9100
7163 9100
2849 7163
2524 2762
2524 5662
3938 5662
3938 4481
4293 9697
9697 9743
1143 9743
4481 8436
7382 8436
8436 9111
3171 9111
3171 4335
3171 8390
6540 7916
5402 7916
2054 3136
2838 8850
2838 4844
9654 9820
2984 9820
2984 6522
6522 9213
1253 9213
1038 1253
1038 1094
1253 5740
2438 8599
799 2895
7997 8992
7286 7997
5811 7286
5811 9553
5811 7613
6463 7613
4402 6463
263 4402
263 6877
6877 9363
8085 9363
6196 9363
807 8085
807 3477
3477 5541
3477 6804
6804 9332
2968 9332
431 5541
431 7078
431 1411
1411 6527
3854 6527
1283 6527
1283 3317
3317 9702
6721 9702
2942 9702
2942 4655
9072 9702
979 6721
979 6846
3583 6846
3583 6749
5218 6749
5218 7456
3583 8326
6069 8326
2544 6069
2544 7357
1688 8326
5218 9076
1885 9076
1668 1885
1885 6782
1668 4234
3932 4234
6749 9203
2454 7357
1330 1688
2436 7078
2436 6032
6032 6784
3534 6784
6032 6762
3534 4573
2865 4573
2865 9967
8520 9967
308 8520
1011 2454
1011 4862
4862 9767
7349 9767
3311 9767
3311 4640
622 4640
4640 5063
5063 6411
6411 9925
3183 9925
87 3183
87 9762
1694 9925
1694 8084
4040 9762
6739 9762
6739 7239
6556 7239
4536 6556
4479 4536
4479 9055
2487 9055
1224 4479
622 1140
2487 8315
1126 8315
1126 9117
1748 7239
1748 2851
2851 8191
1748 2694
2694 8853
2981 8853
5630 8853
2981 8399
7051 8399
4403 7051
164 4403
5630 8575
1959 8575
1959 3099
3099 9775
4226 9775
6796 9775
3695 4226
3695 9714
3695 7381
6791 9714
6791 8802
6796 8224
8224 8302
1747 8302
3236 6791
3236 9769
2938 9769
164 3708
3708 3842
3842 8106
8106 8206
6730 8206
6177 6730
6177 8363
8363 9588
3708 4236
4236 4888
4888 6907
6418 6907
8206 9082
1021 9588
1021 5726
5726 6841
6841 7943
7943 8343
639 8343
1934 8343
1934 3696
3678 3696
3678 7734
7734 8452
265 8452
265 8636
2139 8636
1040 8636
1040 4769
518 8452
518 4832
518 4744
4744 5686
5686 8817
327 8817
673 8817
673 7531
405 7531
405 1344
1344 9165
4938 9165
4938 5495
2150 4938
2150 2242
2242 8155
26 7531
26 958
958 4312
2242 2587
597 2587
597 5142
662 5142
2682 5142
2682 3356
1544 3356
1901 2587
1901 3156
2682 4968
4968 5334
1597 5334
1597 8072
8000 8072
6928 8000
4312 9281
958 4183
4183 9664
2721 9664
2721 3055
1558 3055
1558 6992
1590 6992
558 1590
1558 9746
5188 6928
2332 5188
2332 3659
780 3659
780 3259
780 7306
2455 7306
1947 2455
3259 4510
3756 4510
662 3315
3315 7344
312 3756
639 5000
5000 6153
6153 6646
6646 6854
6646 8953
7149 8953
7149 8381
4999 6854
914 4999
2611 6153
2611 5264
363 5264
914 1361
386 1361
386 9170
1361 6026
1931 9170
386 6441
883 1931
6441 8451
1544 9535
2752 9535
247 2752
2752 8048
363 9212
4510 9147
6358 9147
837 6358
3882 6026
3882 4200
4200 4680
4680 9756
558 1351
210 1351
210 6229
210 459
459 6883
725 6229
725 2308
2308 9768
4722 9768
2551 4722
2551 8382
1420 8382
1420 8083
8382 9432
4766 9432
1644 2308
6396 9432
4200 7351
7319 7351
7351 8483
7099 8483
7099 9377
9377 9753
6872 9753
6872 9161
1858 9377
3313 9377
3313 5522
5522 6325
2179 5522
6325 8627
150 8627
8627 9355
5607 9355
1566 7319
3774 9161
3774 6478
3774 7869
1566 4114
3025 4114
3025 9328
8278 9328
4564 8278
2853 8278
2853 4401
4401 5911
3535 5911
402 3535
402 3559
3535 8154
402 8368
1209 4564
1209 1798
573 8154
1265 1798
2026 4564
2026 6005
5651 6005
5651 6434
1822 6434
4834 6434
1434 1822
4834 6789
1265 9292
2260 9292
2260 2785
247 8237
2073 8237
2073 5765
5765 9779
512 9779
8271 9779
5939 8271
5939 8728
2635 8728
2635 4371
2896 4371
2852 4371
2852 8374
3144 8374
3144 6742
6742 9800
9456 9800
2935 9456
8947 9456
2843 8947
1785 2935
1785 3757
1715 3757
1715 5366
1715 8952
6299 8952
6299 6331
1785 3720
332 2935
332 5856
6299 6714
4771 6714
4458 6714
4458 6984
6449 6984
6449 9169
5221 6449
403 5221
403 5385
5385 9641
1896 9641
4771 5210
5210 7551
2765 7551
2765 5500
3720 4488
332 7410
1774 7410
1774 5054
1774 7071
7071 9783
7215 9169
607 7215
1716 5054
3413 7215
1102 3413
1102 2126
1250 2126
2107 2126
1250 4982
1806 4982
2689 4982
2043 2689
2689 4043
4043 4319
4043 9136
1804 9136
744 1804
744 7967
7967 8794
7527 8794
2043 5261
5261 8133
1032 8133
1032 9322
2534 9322
4194 9322
5261 7728
227 7728
227 5657
925 5657
925 7213
925 5428
7030 7213
1650 7030
1804 5718
1650 2603
2603 9471
3452 9471
3452 4524
3452 9707
7284 9707
7284 8834
227 3076
5718 8958
4548 8958
4527 4548
4548 9239
3306 9239
2307 3306
6376 9239
2273 6376
2273 6174
1348 6174
1348 8104
7451 8104
3336 8271
3336 5148
1846 5148
5148 9167
2466 9167
2466 4545
4545 5137
5137 6661
1315 5137
1315 6780
513 1846
513 3769
120 3769
931 6661
931 6342
5539 6342
931 5216
4707 5216
3895 4707
4619 4707
2662 4619
120 9592
5887 9592
2373 5887
775 2373
775 6864
3961 6864
3961 8236
6737 8236
4540 6737
4967 5887
1763 4967
1763 9631
2155 9631
5106 9631
2552 5106
2552 8501
8501 9024
813 8501
775 5062
5062 6332
6332 7114
1045 7114
1045 6467
709 6467
470 6467
470 4661
470 5075
4498 4661
4498 7890
1278 5188
1278 9998
6508 9998
6508 7014
2691 7014
2014 2691
1975 2691
2014 4496
4496 7580
2005 2014
7495 7580
6717 7495
6717 8544
5259 8544
5259 8596
6080 8596
6080 7509
4643 7509
4643 5964
2490 4643
2490 6595
6399 6595
3035 6399
6399 6472
7325 7495
5046 7325
7325 8020
5964 8128
2835 8128
2284 8128
936 5106
936 3451
1350 3451
7018 9147
435 1348
435 1969
1969 6513
5938 6513
879 5938
312 7949
723 1747
723 6106
6106 7390
6106 7596
1793 7390
1793 3184
3184 9674
3435 9674
3271 3435
3271 6477
5915 6477
5915 8571
6471 8571
2930 9674
2930 7109
5384 7109
3683 6471
2386 3683
2386 3812
3683 9043
8419 9043
376 7109
376 648
376 3856
3856 8783
3856 7511
2713 8783
2713 9173
7074 9173
2906 7074
331 9043
1183 2906
1183 7352
1183 9663
6150 7511
1837 6150
1837 3903
3903 9116
8102 9116
2564 8102
2564 5557
5557 8047
1758 8047
1571 1758
1571 2034
2034 6866
1641 6866
2034 3949
3949 7034
3949 9732
1641 3941
3941 5871
3760 5871
3760 5059
2210 7034
2210 7873
7627 7873
7627 9771
6858 9771
2049 5557
2494 6150
4540 8637
2883 8637
1350 1475
1475 4267
4267 5213
4267 7287
668 7287
668 5318
2959 5213
2959 7225
7136 7225
1595 7136
1595 7057
5955 7057
4592 5955
4373 4592
831 4592
831 4737
4737 6330
6330 9059
1595 8412
2251 9059
2251 2655
2655 5214
1077 2959
1077 8950
3374 8950
3374 3437
3437 7879
5764 7879
1077 9352
3581 9352
3581 8577
5581 7879
5581 7824
4277 7824
2588 4277
4277 6614
2428 6614
19 2428
19 6139
19 6801
3086 6801
3086 4869
7824 7889
2430 7889
2430 6029
884 6029
587 884
453 587
587 745
745 5709
5709 8287
5709 7113
2240 6614
2114 2240
2114 7093
6821 7093
1634 7093
1634 3638
3638 5076
3638 3658
3658 4584
4584 9051
8618 9051
1324 8618
517 8618
2996 3658
517 5292
425 5292
425 4587
4587 8092
4587 5600
7057 9272
6297 9272
1126 1743
1059 1743
1059 6998
4116 6998
3293 4116
2747 3293
1767 3293
1767 4899
4899 9514
2430 6776
6180 7890
6180 8070
125 6180
125 5927
5927 6357
6357 8742
5927 7481
7481 9269
6166 9269
6166 8410
6067 8410
1452 8742
6204 9269
1133 6204
1452 9436
694 9436
694 7323
694 1072
7277 9436
8070 9619
299 9619
2161 6204
705 2161
705 7633
3366 7633
3366 6884
2010 6884
2010 8016
2161 7147
7147 7463
699 7463
7419 8577
7419 9304
6573 9304
3907 7419
3753 3907
2365 3753
2365 8792
5510 8792
4864 5510
1225 6573
3526 4864
1589 3526
5539 6425
6425 9343
6425 8038
348 9343
71 348
71 4813
4813 4988
4988 9233
5281 9233
1206 5281
1206 1624
1624 4423
4423 4648
4988 5754
5754 6407
3024 5281
7231 8577
7231 7899
5099 7899
5099 8861
6255 8861
6255 9521
4134 9521
4134 6154
6154 7572
131 7572
2539 7572
2539 9053
2674 6154
8082 9053
5290 8082
5290 8844
6611 8082
321 6325
3526 5524
5524 9312
8327 9312
7360 8327
3779 7360
828 3779
38 828
38 2468
2468 9088
4512 9088
891 4512
2468 9987
38 1237
8378 9987
6921 8378
1860 6921
3271 4697
4697 9900
3980 4697
314 9900
314 5564
4298 5564
4298 7674
4298 7749
4298 7928
5628 7928
5628 6671
2358 7674
2358 8743
3095 8743
3095 4913
500 4913
383 500
500 3686
3686 8073
1280 8073
1280 6290
6290 8346
1030 8073
1030 6628
3482 6628
667 3482
667 9893
413 9893
413 1272
1272 8254
1834 8254
1272 1697
1697 8460
3482 3502
1834 4264
4264 6703
4124 6703
667 6094
6094 9214
6650 9214
2545 6650
5582 6628
1323 5582
69 1323
69 6729
5386 7451
2641 5386
359 7018
359 1553
517 9851
3939 9851
589 4236
102 589
102 9831
8887 9831
589 5627
620 9831
620 4414
4414 5932
5932 8833
8158 8833
7219 8158
3362 7219
5627 6367
620 1568
1133 1260
1260 5023
5023 5416
2395 5416
2395 6040
5397 6040
1872 5397
1872 2397
2154 2397
2154 3158
5397 7982
2397 9704
2146 9704
980 9704
980 1648
7982 9359
1286 9359
138 9359
138 7199
903 9619
903 5705
3394 5705
3394 6491
365 6491
365 2418
5705 9092
4796 6491
1249 4796
1249 5193
1249 5967
7254 9092
2146 8685
7220 8685
7220 8998
8998 9318
2006 9318
7058 8998
7058 7983
2107 4768
2118 4768
2118 3885
2118 6164
6164 7629
194 7629
3885 6324
7156 7629
3741 7156
3741 4430
538 7156
1976 4430
1976 5855
3294 5855
2997 3294
2997 3518
46 3518
3518 7016
2385 7016
3311 6577
614 6577
614 1538
1538 1892
1538 5351
5351 8329
5717 8329
5717 7335
8329 8871
8871 9452
5883 9452
1180 1892
1180 8205
1530 8873
2338 8873
572 2338
4615 9553
1712 4615
4119 7463
3920 4119
3920 6377
6377 8988
4067 6377
63 3580
3373 3580
3580 5890
1286 6250
1365 6250
1365 4365
4365 8032
4149 4933
151 4149
8254 9534
7194 9534
6039 7194
6039 8542
424 8542
2521 7509
2224 2521
2224 9112
2224 4649
4649 8487
4567 8487
2356 4567
4968 8979
2307 7280
7280 9822
6084 9822
754 9822
754 9849
754 5199
3357 5199
1496 3357
5199 5209
1496 6401
1682 6401
603 1682
603 5039
223 5039
223 4233
4233 7684
603 9986
7936 9986
203 7936
203 3094
3094 4046
4046 8426
1082 8426
1082 8275
7875 8275
1466 7875
1082 6315
1466 4792
650 4792
650 5839
6315 8982
3094 6931
6929 6931
2030 5839
2030 6950
9913 9986
4345 9913
108 4345
108 5766
108 155
5766 9441
155 8839
6218 8839
5747 8839
650 8604
7684 8203
8203 9242
6230 9242
8604 8843
6102 8843
3751 6102
1702 3751
895 8569
6536 8569
6082 6536
3653 6082
1752 3653
6671 7726
3927 7726
2484 3927
2484 9013
9013 9620
6047 9013
28 6047
323 6039
8092 9038
7738 9038
738 4573
28 404
1624 9519
4804 9519
4804 7532
5598 7532
3985 5598
3985 7669
7669 8408
6415 8408
5749 6415
3575 7669
5034 6415
5034 8202
8202 8730
4167 8730
4167 4778
4778 6716
6716 7123
3419 6716
830 3419
830 8269
1155 8269
1155 9801
830 1195
1195 8129
8129 9084
1155 4291
8586 9801
8142 8586
2152 8586
5598 6760
1061 2152
1061 1313
1061 9400
7986 9400
1313 9512
3395 9512
7910 9512
3395 8999
7024 8999
1860 8280
8280 8713
7854 8713
5756 7854
3246 5756
3246 7564
5756 9246
7535 9246
612 7564
5373 8713
3246 7761
612 5787
3490 5373
1186 3490
659 1186
2145 5787
3635 7535
122 3635
122 9199
1862 9199
1862 8639
1926 8639
1862 3303
8985 9199
1926 9815
3143 9815
3303 4775
4042 4775
4042 4716
4042 5700
5700 9749
4716 8151
684 8151
684 5343
5343 8795
4495 8795
5343 7773
8985 9879
4821 9879
973 4821
973 5171
3669 7761
1468 3669
3669 3687
3687 4672
5984 8603
2015 8603
1417 2015
1417 1903
1903 9751
7828 9751
7828 8160
8160 9064
4360 9751
1903 6074
6074 8010
4248 8604
4248 9684
1132 2020
2020 4077
2741 4077
2741 3955
1869 2741
1869 8957
1514 8957
1514 5786
1584 5786
1584 9224
1514 5507
5507 6145
2047 6145
3955 4824
5507 8270
1002 8270
212 1002
212 4359
3955 5374
5374 6233
1496 5215
8012 9994
2588 5810
1122 5810
5810 8821
2876 8821
5747 9528
6504 9528
2849 3026
4204 6794
4204 8872
4204 5086
1621 5086
1621 2642
2642 9048
649 9048
1582 9048
711 1582
1582 5725
3177 8872
3177 7111
1613 7111
1613 9027
1303 9027
535 9027
535 6502
6124 6502
1479 6124
1479 4377
4377 6692
3061 9027
716 6124
3077 6692
436 3077
436 797
632 797
632 8001
1146 8001
1146 5696
5696 9524
4525 9524
610 4525
3917 5696
2275 3917
2275 3811
2275 5226
5152 5226
610 9797
600 5152
632 9621
1547 3077
3134 9621
3134 8180
600 9215
136 9215
8180 8874
6958 8874
1328 6958
1328 9236
7348 9236
3175 7348
1247 3175
5220 9215
3134 7294
136 560
560 1400
1400 1844
560 3267
1400 3130
3754 5374
3754 7315
361 7315
361 7977
1413 7315
1413 1522
1522 9985
3701 9985
3701 6479
2810 6479
2810 8823
2188 8823
2188 5833
5833 9220
5923 9220
3089 5923
3089 3295
1053 3295
1760 3089
1760 9119
1388 9220
857 7199
537 857
537 2863
2863 4331
4331 8079
8079 9902
5624 9902
715 9902
715 6200
6200 7033
1358 7033
1358 7991
2863 3759
2216 3759
2216 6954
836 6954
3024 6935
6231 9341
2053 2745
8006 9038
3365 8006
142 3365
1440 6905
1695 6905
854 1695
854 2790
2137 2790
2137 7668
1298 2137
346 1298
1889 7668
1889 5019
5019 9388
4438 9388
9388 9861
651 854
651 9180
651 7648
6381 6905
39 6381
39 6020
39 731
6020 6696
1580 6696
1580 3515
731 4923
3440 4923
2000 3440
751 2000
751 1618
1618 9889
2525 9889
1618 2676
2130 2676
2130 9653
2361 9653
2361 7900
731 9791
7995 9791
4880 7995
4700 9791
2434 4880
2434 4841
4841 4944
2434 4500
4500 7599
6875 7599
3003 6875
3003 3397
1346 8261
629 3133
4609 8766
1085 6353
6353 6521
522 6353
522 2834
2547 2834
6375 7249
4824 5421
773 1346
773 8798
773 4476
3911 4476
1881 3911
1881 6077
5664 7134
3631 6155
5934 6451
5494 6065
6396 8588
3004 8588
910 3004
910 9981
3283 9981
3283 6972
4815 6972
2484 5761
5594 5761
2995 5761
1516 2995
1516 4997
1498 2995
1498 2157
7462 7809
5631 7462
3358 5631
6934 7436
5954 6375
734 5954
734 8877
734 1826
1826 8538
2205 6118
1210 4844
1210 9954
631 9954
4644 9954
33 4644
33 5953
4644 4801
4801 5231
4490 4644
631 5248
5248 9543
6936 8362
2232 6936
4105 4430
4105 8468
9096 9726
5014 9726
2550 5014
2550 3796
3689 3796
3689 7198
5041 7198
5041 8162
6193 8162
3689 8632
1293 8162
1293 6053
2573 6053
2573 7552
847 7552
847 2912
2912 7342
7342 9960
2517 7552
7235 9960
2517 4348
4348 8960
8960 9037
5538 9037
4348 7785
2722 7785
1293 4133
2831 4133
2831 5925
3809 4133
3809 4489
4186 4489
6336 7785
2629 4186
5298 7785
4107 5298
4107 7595
4107 4558
4558 5250
7510 8306
3445 6666
462 3445
462 5228
5228 8611
3296 8611
762 3296
762 7990
3618 8200
833 3618
833 2160
1814 2160
2160 8686
5912 8686
211 8686
211 5591
1814 7084
833 7169
3120 7169
1136 3120
1136 9420
5629 5912
1647 5629
874 1647
874 9349
7370 9349
2009 9349
1675 5028
3447 5028
3447 9965
2028 5028
2028 2184
2184 5338
2028 7096
5820 7096
1215 5820
1215 8852
8516 8852
1215 5301
1377 6170
2774 6236
3353 5364
3353 3547
3353 6476
6476 9651
609 6476
7250 9651
7250 8167
796 7699
796 9313
4986 9313
4986 5647
5647 7992
4778 6652
6167 6652
2964 6167
2964 5891
2964 3160
3160 4265
4265 9266
1551 9266
1551 6826
2384 2738
1322 2738
2629 5870
1168 1369
1168 7361
3230 7361
3230 5434
2145 2417
2417 2911
3263 5445
3263 6001
349 6001
349 3691
3691 6548
5412 6548
893 3263
893 8214
5168 8214
5168 8806
367 8806
5412 8759
2406 8214
893 6364
6364 7003
7384 9297
3093 9297
2142 3093
2142 5306
5306 6557
6557 6878
3728 6878
3728 7754
1143 5224
5224 6774
5224 5586
4568 5586
3793 4568
95 3793
95 5570
2583 5570
926 2583
839 926
818 839
839 1859
1859 4491
818 7832
3783 7832
7832 8311
3783 6798
4491 6916
6916 7170
5130 7170
6674 8311
1670 7170
1670 3256
3256 8356
119 3256
119 804
1953 8311
2219 9732
9598 9811
3743 9811
4417 9543
7129 8364
2357 8364
2357 3681
8364 8625
8625 9267
7953 8625
1042 7953
224 1042
224 7956
1013 7956
1013 6722
4534 6722
4534 9912
7085 9912
6795 7085
6350 6795
4534 5036
5036 8831
635 1013
4182 8831
1343 4182
3561 4182
3866 9589
3216 9891
3312 9891
1525 3312
126 1525
3312 6273
126 3161
3161 5831
6104 6273
2328 6104
2132 6104
2328 9021
2773 9021
2773 8842
8232 8842
5081 8232
5081 6898
4090 5081
1338 4090
1338 8643
1463 8643
1463 4745
4745 8771
1329 8771
1463 3660
2593 3660
1574 2593
1574 2319
22 1574
6898 7649
3151 7649
6977 7649
3151 5100
2499 3151
2499 9032
2781 5100
2781 2965
4372 5100
3660 7963
2132 6509
6509 8176
7258 8176
7258 9274
9274 9806
5451 9274
556 5451
556 4448
547 9806
547 972
972 9406
5310 9406
5310 9796
4598 9796
4598 8885
4318 8885
8494 8885
4904 8494
4904 9443
204 9443
2122 4598
2122 5694
3131 9806
3131 4871
2025 4871
4871 8354
2408 8354
2408 5233
5694 7108
4472 6509
5233 5992
4304 5992
4304 6349
789 6349
789 7939
1537 7939
1537 8556
8556 8737
7694 8737
4708 7694
7694 7857
1537 5980
244 5980
5596 5980
280 5596
5596 9427
5981 9427
1412 5981
5596 6894
1882 6894
1882 3422
1882 9330
2169 3422
789 9457
7961 9457
3037 7961
3037 9867
4865 9867
3037 3223
1412 7413
7413 9186
6558 9186
6558 9408
4450 9408
2285 4450
2285 5190
5190 6151
6151 7839
5252 9408
6052 7839
7193 7857
258 7193
7002 7193
258 7226
1994 7226
1994 5687
1983 5687
782 1983
782 6194
3540 6194
2975 3540
2172 2975
2172 3166
3166 6125
6125 7559
867 7559
3166 8519
3148 5687
2460 3148
2460 3345
6125 9601
825 9601
9460 9601
9460 9532
4101 9532
8531 9532
4810 8531
704 2975
704 1727
1727 5597
116 5597
116 5449
825 3327
3148 6437
6437 8351
2025 2746
2746 5162
2746 7554
1667 7554
4374 5162
1667 7720
4416 7720
4158 4416
1928 4416
4158 6022
1536 6022
1536 2634
795 2634
795 9518
2319 5913
3831 7002
452 3831
339 2169
339 9258
8392 9258
1506 6372
4976 6599
6599 7409
7409 9629
8453 9629
2720 6599
4268 8351
2562 4268
2562 8592
7771 8592
1401 7771
1401 6057
5275 6057
5275 5712
128 5712
1401 7183
128 8418
4596 7183
4596 7788
128 4068
4068 8268
4068 7302
3082 7788
5122 7771
5550 7183
1009 7302
1009 2881
1009 1101
1101 1607
5550 9320
4870 9320
4870 6374
6374 8286
4909 5122
3082 5474
5314 5474
4897 5314
4897 7150
7150 9228
2892 9228
7083 9228
1429 2892
1188 1429
697 1188
697 2648
2648 8591
6216 8591
1681 2648
1681 3619
6132 8591
1188 6492
5958 6492
5009 6492
107 5958
107 4446
4446 5900
5131 5900
767 5131
3138 4446
3138 8171
1012 8171
1012 6819
1012 9222
5543 9222
7083 8090
3619 6421
5532 6421
4692 5532
5532 7881
83 7881
83 1801
1801 2667
2667 5404
1581 6421
342 1581
342 3048
3048 3347
4912 5404
5847 7881
3922 5847
1274 6819
1274 1773
406 1274
3958 4909
3958 7870
6234 7788
7870 8037
8037 8405
4912 9073
6280 9073
6280 7787
4113 7787
1018 4113
7787 9133
1918 9133
1918 3719
1003 3719
1018 5340
4702 5340
2881 9155
3020 9155
6811 9155
4392 6811
3020 5832
2489 4392
2489 3767
4692 6347
234 6347
234 2743
234 2806
2806 5704
5704 8565
8565 8684
369 8565
369 1674
369 2323
567 8684
567 7605
7605 7644
710 7644
710 9376
5783 9376
5783 5922
5922 9847
9687 9847
3480 9687
3480 4920
6616 9687
3332 6616
6616 8473
8473 9972
735 9972
735 1982
1982 7984
400 1982
400 530
735 8727
8443 8727
5212 8443
7845 7984
1390 7845
1390 2181
2181 9515
696 9515
527 696
527 5491
5273 5491
527 4018
4018 5350
5350 6669
6669 8922
5273 7612
3719 9074
7364 9120
4398 9120
2177 2954
2177 9754
4287 4392
3181 9787
6608 9787
3210 6608
3047 3210
1836 3047
5588 8286
4591 5588
4591 4973
4274 4973
5588 9405
4528 9405
760 4528
760 5904
5904 9193
2351 5904
2351 6085
3264 6085
3264 9240
1819 3264
1431 1819
1431 7934
278 7934
278 6545
1631 6545
3506 6545
159 3506
159 3272
159 4282
1458 4282
1458 5987
3272 7243
7243 8675
989 8675
1458 8009
5186 8009
989 9295
1312 9295
1312 5558
5558 7039
7039 8862
1312 2314
5558 8854
4136 8854
1118 4136
1118 1811
1811 3552
8854 9263
4854 9263
3552 5805
5805 8584
3881 8584
3881 5815
1876 5815
1396 1876
1876 7400
7400 9971
4995 9971
1396 2147
2147 3642
3642 7876
2609 4995
1368 2609
1368 3214
2070 3214
2070 7019
7400 8196
760 6120
6386 7882
4029 7882
4029 5287
5287 7537
1392 7537
1392 4115
1392 1867
1596 1867
504 1596
1867 4086
4086 5605
504 5895
5377 5895
3427 5377
104 3427
104 2748
7537 8772
2962 8772
898 5605
898 5238
741 5238
741 6944
2962 9695
1409 9695
1409 2321
2321 8100
2914 8100
2945 9695
2945 8848
5659 8848
4635 5659
2128 4635
2128 3694
1269 5659
4482 4635
1269 5196
3910 5196
3910 8350
5196 6825
6825 7166
2300 5377
2300 8521
8198 8521
1521 8198
1521 8089
6825 9047
2914 4876
4876 8248
2036 8248
2036 9895
915 9895
915 7634
2036 3479
8248 8955
7506 7634
5682 5740
5682 8380
2402 8380
2402 2450
2680 8380
2209 2680
2209 3450
3450 3968
2142 4552
4552 7032
2666 7032
2666 9908
5458 9908
9454 9908
5458 7500
4433 7500
1381 7500
3505 4433
3505 9285
3505 7665
9066 9285
5182 7665
190 5182
190 5389
190 1906
1906 8876
6312 8876
971 6312
971 8475
2888 8475
2888 8536
8536 9489
3789 9489
6296 9454
3542 6296
3542 7541
2133 3542
1381 8021
5880 8021
5880 7291
5880 9571
2967 9571
2967 5878
4719 6344
3523 6344
3523 4023
3523 8749
7765 8749
6748 7765
6748 8717
3998 6748
3935 3998
1630 3935
1630 2347
371 2347
3935 9875
1372 9875
1372 7597
7517 7597
92 7597
92 3599
5139 9875
3998 9665
3609 9665
3609 9573
6997 9573
3599 6035
6035 9608
4026 9608
2086 9608
2086 8249
362 8249
362 3781
6035 8510
7125 8510
912 7125
912 7207
1515 7207
2221 7207
3855 8510
3855 4044
4044 8149
4929 8149
3558 4929
3558 5065
5065 6096
624 6096
624 3174
192 624
192 9085
192 5836
5836 6091
568 6091
568 7195
2285 7237
5460 7237
4322 5460
4322 6224
6224 6445
4174 6445
1161 4174
6224 8421
1161 6735
4174 5661
4567 6365
3561 5775
5569 5775
5569 6759
6759 7920
7920 9736
1518 6759
103 9736
103 9188
4192 9188
375 4192
103 501
501 6206
103 2207
2207 9722
8043 9722
8043 8722
6206 6423
2975 8480
8480 9253
5966 6776
4921 5966
2500 5793
5793 6256
877 5793
1767 6829
6417 7955
4084 7955
1304 4084
1304 8359
5982 7451
8922 9077
4420 9077
4420 6519
6519 9007
3614 8884
3463 8884
3235 3463
3235 9247
5124 9247
5124 5362
5362 8918
5362 7474
6131 7474
3165 6131
2753 3165
1213 2753
1213 4468
852 8918
4468 5339
472 5339
472 1223
472 4008
4008 8583
7432 8583
7432 9491
293 9491
2555 5339
2555 4761
4761 9113
5158 9113
4603 5158
4581 4603
4603 5417
4511 5417
3396 4511
3396 6012
630 6012
630 9025
4276 9025
2560 4276
2560 4574
2560 3401
3401 8765
8581 8765
230 8581
230 7810
230 8074
713 8074
2448 7810
2448 4960
1075 8074
1075 9105
5989 9105
1864 5989
988 1864
988 3402
3402 3963
3963 8945
3402 7434
7434 9414
7434 9122
840 4603
1864 8195
2448 8612
6693 8612
8612 9104
3122 9104
3122 9451
690 3122
1219 9451
1219 1879
1879 9656
9022 9656
9022 9294
6380 9294
1803 9294
1803 5223
4385 5223
6380 9129
4191 9129
4191 6690
6690 9185
4575 9129
1219 5367
1868 4575
1868 7435
6917 7435
6917 7763
3 7763
3 2922
6143 7435
1226 7435
9163 9451
4045 9163
7210 9122
1349 7712
3953 8229
6355 8229
6355 9030
236 6355
236 5864
5864 9090
5270 9090
3305 8229
3305 6551
6551 8705
3305 8220
887 5270
887 4689
3469 4689
3469 8810
887 9948
794 9948
794 6922
6922 8470
6956 8470
8810 9544
7947 9544
5720 7947
5720 5873
5873 9226
2891 9226
2891 7663
2891 5762
1993 7663
6956 8314
9226 9833
1117 9833
1117 5481
1117 3544
2149 3544
3544 7852
3544 4214
1153 4214
1153 2520
2520 8096
1239 8096
1239 7124
7124 7503
7503 8800
59 7124
85 8800
85 4586
85 4600
853 4586
4600 9154
4776 9154
5873 7401
853 7168
3942 8800
3942 6066
5471 6066
640 5471
140 640
140 9277
6391 9277
1397 6391
1397 4818
4818 7600
7600 7994
817 7994
817 9813
4756 9813
3752 5270
3752 4407
1611 4407
167 1611
167 1541
4407 7350
3752 6483
5965 7350
5965 6452
5091 6452
3141 5091
357 3141
357 7204
7204 7229
932 7229
2971 7229
932 7805
4531 7805
4531 6965
6965 9142
4531 8087
5155 7204
5155 8784
8784 9039
9039 9482
6409 9482
4895 6409
2256 4895
2256 6379
8786 9482
3933 8786
3933 9530
1713 8786
1306 1713
1306 1333
1306 5072
5072 6011
3244 6011
5072 5670
5670 7757
4787 7757
1545 7757
276 1545
276 7072
534 7072
534 4125
4125 9466
1333 1509
1509 7311
7311 9953
3698 7311
1410 8705
1410 2512
1620 2512
1152 1620
2512 4608
1152 2598
2598 5026
2936 5026
1594 2598
1594 9642
1771 2936
1594 6099
1520 6099
305 1520
305 3641
3641 9852
1520 3363
3363 4169
4164 4169
1857 4164
1857 2324
2277 9642
1666 2277
1666 3937
2277 7671
2363 9852
2363 2844
2844 8735
7299 8735
6175 7299
7168 7525
3192 7525
4081 7525
4081 4379
4379 8454
6438 8454
2977 6438
2977 7133
260 7133
260 863
863 7811
7811 8718
863 6390
1428 6390
196 1428
196 4048
4048 6276
2998 4048
4048 8231
6560 8231
3481 6560
2902 3481
2144 2902
2144 9029
8231 8681
4081 5559
7133 7966
8681 9818
1327 9818
1327 5195
5195 7859
2998 4958
863 1480
3481 8512
8097 8512
8097 9558
3808 8097
2281 3808
2281 3129
3129 3913
3808 3990
3990 5574
5518 9558
5030 5518
1 5030
1 5526
5526 6310
6310 6680
4602 6680
3508 4602
3508 7659
5277 6310
5268 5277
5268 9431
6546 9431
8608 9431
7719 8608
7719 8890
1447 5268
1447 5993
6505 7659
4849 6505
4849 5644
7713 8890
3930 7713
3930 6675
4602 8939
4990 6675
4990 6497
5536 6497
3931 5644
432 3931
432 5926
5926 8879
728 8879
728 6946
6532 6946
4278 6532
4278 5529
5529 6195
1740 6675
149 1740
5711 6546
2882 5711
5536 7110
6532 9509
1740 6387
2256 6287
596 6287
2069 7110
2069 5680
5680 8222
4852 8222
4852 8892
2619 8892
2619 4039
3982 8939
3982 6913
3982 4110
4110 7397
7397 8251
2915 8251
2915 7288
810 8251
1113 4110
810 6176
6176 8318
5874 6922
5874 6902
6902 8252
219 5091
219 2875
2875 6408
6130 6408
2875 6192
2465 6130
148 2465
148 2554
1914 2554
1914 3335
219 8432
3242 8432
4099 8432
5361 6170
575 5361
530 2410
321 9230
880 7550
7046 8718
4691 7382
1737 8576
5235 6669
4232 5235
2657 4232
2657 5801
5801 8369
7640 8369
7640 9020
4173 9020
1853 4173
2099 6455
6455 8980
3322 8980
3039 6896
3039 5257
3473 5257
3473 8285
1554 8285
1340 1554
1340 5779
5779 9005
6303 9005
1554 2226
2226 2683
2226 2360
2360 8938
2360 8170
1111 8170
3039 5442
1029 5442
1029 1908
1908 3383
917 8424
1497 8424
1497 3918
3918 9622
3918 8352
7336 8424
8192 8352
4078 8192
3668 4078
3668 8750
4861 8750
586 4861
586 3338
2413 3338
1019 2413
3330 8750
3330 6575
6188 6575
7622 8438
5700 9261
4132 9261
4132 6727
4132 4410
495 4410
495 4161
495 9430
3310 6727
4161 6185
3254 6185
3087 3254
3087 3359
935 3359
935 4238
4238 9720
8709 9720
3775 8709
3775 6793
2414 6793
593 2414
811 9720
935 6179
4605 6179
593 8019
5405 8019
3178 4605
3178 8700
4225 8700
4225 6512
5045 6512
675 6512
195 4238
6179 7985
2027 7985
6856 9047
4981 6856
4981 9533
7938 9533
8027 8806
3747 6751
1047 6751
1047 4972
4972 6648
4620 6648
3111 4972
3111 6468
1087 4620
5178 6468
426 5004
5004 8250
5739 8250
338 6698
1289 6698
6698 9243
8210 9243
8210 8289
4659 8289
4659 9717
9717 9982
4659 6800
6800 7450
3042 7450
2631 3042
626 2631
626 6659
6659 9373
3169 9373
4846 9373
42 4846
42 2951
4784 4846
4784 7075
7075 8030
4153 8030
2937 7075
4659 7642
1173 7046
1173 9531
4027 9531
686 3868
4013 8259
8259 8919
4535 8182
3624 4535
9140 9348
2184 4366
387 4366
387 9357
2452 9357
2452 3500
3226 3500
2452 4224
3226 5523
4224 5179
4802 9361
9210 9361
7256 9210
3989 7256
3421 9439
4961 8141
4961 5476
3381 5780
2052 5780
4792 5903
322 6865
322 785
785 9923
785 4984
4984 8094
4984 6172
2165 6172
576 2165
3154 8094
3154 9643
1148 9643
1148 1750
1148 2498
2498 4159
2498 3250
1750 7211
3124 7211
3314 7211
3314 8744
3314 6818
4879 6818
4079 4879
4079 6095
576 8942
1750 9342
1230 9342
1230 7267
7267 7760
253 7267
253 7025
3219 7025
3219 8987
6000 8987
1070 7629
1070 3837
1070 3309
3309 4353
379 6959
4649 6485
3331 8578
723 1316
6865 8925
4062 8925
2910 4062
2910 4028
4028 5535
5535 6970
94 6970
94 3711
3249 3711
1517 3249
6970 9581
2243 3465
2759 3465
2759 8312
6774 7155
5736 7155
3301 5736
1699 3301
1699 6413
5120 6413
5120 9772
6764 9772
6385 9772
1946 6385
1182 1946
1182 5112
5112 6514
990 1182
990 5752
5636 6514
5636 7611
6385 8954
286 6764
286 2293
2293 4919
4919 9462
1288 9462
1288 4845
7155 7653
653 1551
306 3250
1234 9380
5173 8706
3861 5173
1394 9295
2248 8135
8135 8921
3632 8921
1899 6147
3218 9879
3218 6824
6824 8118
3737 6824
3737 9174
9174 9552
3485 9552
2859 3737
2859 7197
7197 9689
9459 9689
4688 9689
922 3485
922 7417
7417 9624
5837 7417
3991 5837
3040 5837
3991 6994
2688 9552
2688 4520
1112 3218
2500 9283
8394 9283
4747 8394
2886 4747
2279 8052
4232 8298
921 4415
824 3125
824 985
985 2502
2502 5852
5852 8864
3826 8864
3826 6017
3826 6707
6707 7371
4651 6707
4651 4795
4599 4795
4599 8551
8551 9944
3059 8551
3059 3800
3800 4245
4245 9513
8173 9513
4566 4795
315 4566
315 1107
280 7841
9177 9376
1382 9177
1382 9936
4915 9936
2803 9936
3729 4915
3729 5172
1357 5172
418 5172
1481 4915
1481 9792
238 9792
238 2941
2941 9362
8481 9362
8481 9520
7274 9520
5016 7274
805 1481
805 1469
5016 8819
1170 8819
1170 7891
7424 7891
4785 7424
2933 4785
2933 9526
354 2933
3886 5016
843 3886
843 5424
5424 8499
4357 8499
4357 7142
4152 8499
4152 7191
479 4152
479 5117
5117 7968
479 6862
1469 2787
2787 6243
6243 9884
248 3310
248 6073
6073 9853
8244 9853
246 8244
246 486
2854 8244
1955 2854
1955 9577
2854 5658
4180 5658
4180 6264
232 6264
232 3585
232 9537
4155 9537
1847 4155
6014 9537
3585 3792
1847 3182
2348 3182
2348 7308
1827 3792
1827 6311
2620 6311
6311 9435
2002 2173
2173 4487
2031 2173
2532 4614
5982 8288
5202 8288
5202 8935
6579 8935
6579 9382
9382 9525
9382 9773
7257 9773
8288 9162
3344 9162
3397 9701
2839 7489
458 7543
5893 7543
7543 8793
7543 9375
1019 1162
1162 2932
2884 2932
2884 9612
6859 9612
2168 6423
2168 9848
7139 9848
6664 6933
6967 8942
4325 6967
229 4325
229 579
579 4228
1144 3798
3798 7466
3530 7466
3530 3532
3532 8827
8308 8827
2306 6761
1710 6761
4126 9811
4126 8420
7894 8412
6197 8826
6370 9639
7782 9639
2783 7546
3678 5429
5429 6927
6429 6927
4316 7299
5303 6370
5303 7913
3718 7913
849 7994
768 849
768 5693
5693 7162
8486 9680
1363 9680
666 1363
6701 8759
2421 6701
2421 8146
3746 8146
4283 4340
4340 8057
9356 9989
5405 7544
1173 4471
4471 5819
5649 9263
1654 5649
1654 5974
5974 7488
5222 7488
3262 5222
2986 3262
2986 8883
4255 8883
4255 6641
6641 8720
4858 8720
1055 4858
3703 4858
3703 6266
6266 8301
3488 8301
3488 8297
1652 8297
1652 5240
1839 8301
1145 3703
166 2986
166 6447
6447 7115
1839 3772
132 3772
132 6038
6038 9298
5937 9298
4072 5937
6291 9298
1950 4072
1950 3655
3655 7158
1756 7158
1756 8445
1228 8445
6291 9225
1756 2673
2505 2673
4315 9298
6291 9507
4072 6978
3096 6978
3096 9040
3655 7923
7923 9623
3016 9623
1709 4315
1709 8276
1614 1709
1614 3879
3851 3879
3851 7606
658 1614
658 6316
5191 8276
3625 5191
549 3625
549 7867
15 7867
15 9725
8994 9725
15 4010
4010 9878
9325 9878
4855 9878
5502 8994
2518 5502
905 5502
2518 5205
1049 5205
583 1049
583 3417
3417 7794
1533 7794
3417 9461
1049 8689
4000 8689
4000 7660
1533 5020
5020 5312
4867 5312
2197 4867
1920 7660
1920 7011
2953 9325
1680 5205
1680 9270
5020 5297
1669 5297
5297 8851
8034 8851
6199 8851
4714 6199
4579 4714
3677 4714
2211 3677
2211 7202
505 7202
2211 6490
1034 6490
1034 3495
2760 3495
3495 6414
1371 3677
1371 3343
2287 6414
2287 3900
3900 9050
8812 9050
2766 8812
2766 9204
2766 6969
4937 9204
4937 7508
5363 6969
4447 5363
178 4447
178 3063
178 1033
4937 9424
9256 9424
6963 9256
2538 6963
621 2538
6963 7026
3489 7026
3489 6943
6943 9682
4269 9682
1850 4269
2718 4269
9682 9734
1850 4848
4848 5850
5850 9192
3211 9192
4561 9192
3209 4561
3209 8370
3337 8370
3337 9712
3545 9712
2963 4561
3545 9949
5482 9949
695 5482
360 695
360 8671
3700 8671
6839 8671
6839 9677
719 3700
719 4426
3475 4426
1669 6539
50 6539
50 4553
344 2718
344 1296
344 9217
621 8204
2659 8204
2659 7389
7389 9083
9083 9976
5733 9976
7389 8391
3606 8391
2127 3606
2127 3008
3008 7180
6208 7180
6208 7023
1296 2485
665 2485
1683 9677
1383 1683
1383 1890
1683 7766
3211 6510
5406 6510
3471 5406
3471 5078
5406 8895
6814 8895
6814 7567
6490 8246
3801 8246
3900 7945
2918 7945
4735 7026
3100 7202
207 2918
207 1765
1765 6156
207 9727
6156 6515
4557 6515
4557 5976
4948 5976
1592 2918
1592 2712
2712 9540
1592 8049
7567 8878
2075 8878
2075 2626
2075 3104
1037 3104
2504 2626
1698 2504
1698 4073
1698 2624
2624 5330
3261 5330
3063 9200
1109 9200
7515 9200
2262 7515
2262 9444
1109 3651
1064 3651
1064 9058
6 7515
6 7946
4138 7946
5544 7946
1100 4138
1100 6999
6999 9835
6313 9835
774 1296
774 9826
6027 9826
4378 9058
4378 5149
3261 6752
2523 6515
2523 5092
3337 7993
4246 7993
4246 5388
4246 5995
5995 8434
4330 8434
3376 4330
245 3376
245 3012
1352 3376
307 3376
307 9138
9138 9395
245 1470
1470 9628
8434 8846
2786 8846
2786 5321
241 5321
241 4485
4485 5988
3378 5988
3378 5164
1808 9395
9218 9628
132 9539
4553 8477
2553 8477
2553 3498
8477 9555
6563 9555
2770 6563
2770 4229
2770 5392
3215 5392
4229 7706
7706 8547
8547 9660
655 8547
655 5077
6725 9660
5077 9412
3016 8760
6061 8760
5996 6061
5996 8929
1604 8929
1604 7598
3208 7598
1604 9579
2992 9579
2227 2992
2227 9557
6860 9557
449 6860
449 3279
3279 8413
8290 8413
3704 8290
1949 3704
1949 3153
3153 9065
3153 3883
3132 8413
3132 3302
3302 9493
4047 9493
802 3132
802 5048
5336 7598
2380 5336
2380 5320
5320 6713
3704 7368
4047 9984
7706 9234
9234 9786
1190 9786
1190 7423
3625 8328
1125 8328
1125 2966
2966 6968
1439 2966
1439 2125
1125 5784
5784 9603
944 5078
944 2665
2665 4738
2724 4738
2724 2811
2633 4738
2811 5840
5840 9503
144 1698
5812 6713
5812 7232
7 7232
7 1550
1500 1550
1500 3038
2396 3038
3038 5127
4015 5127
4015 8733
8416 8733
340 8416
4036 8416
5127 5548
2396 9964
720 9964
4145 9964
3245 4145
4145 9871
2983 9871
720 4317
1106 4317
366 4317
366 6457
366 3850
3142 3850
2983 5660
2625 5660
2625 6948
546 6948
2625 6033
5957 6033
5957 9455
4381 9455
2625 3543
3543 9906
1264 4381
1264 1505
1505 6985
7575 9906
3799 7575
2405 7575
2405 9241
4652 9241
5 9241
5 5590
5 3043
3043 8157
3846 8157
1583 3846
1583 2291
2291 9561
8828 9561
827 9561
4704 8828
4704 6919
4746 6919
4746 9101
2291 6775
4704 7399
827 1422
1422 4753
4753 5461
3285 5461
3285 8747
633 8747
2893 8747
202 2893
202 2282
2282 8341
8341 9866
6581 9866
3906 6581
3548 3906
3906 4425
3548 4696
3319 3548
1930 3319
519 1930
519 6636
6636 7490
114 7490
114 1262
1130 1262
1130 2944
3970 7490
3970 7049
7049 7815
3945 6581
1416 3945
1416 3706
6926 8341
6828 6926
1130 7892
1759 7892
114 8068
4760 8068
4760 8263
1416 1817
1817 3890
1817 3145
3145 4128
4128 6596
5396 6596
4632 5396
3890 6127
3372 4632
118 3372
118 7135
1800 7135
1623 6127
1232 6596
202 8360
1999 2291
5590 6450
6450 7556
7126 7556
1923 7126
1923 7056
1923 7538
1214 7056
6906 7056
6247 6906
5781 6906
2779 6247
5781 9153
4900 9153
4900 8867
2779 8978
7126 9045
6247 6499
4943 6499
4743 4943
2622 4743
2622 4059
4059 5611
2622 8245
5308 8245
5606 7399
5606 6881
6881 7117
5606 5695
5695 6093
5551 7117
5551 6361
6093 8704
6568 8704
1546 3245
5517 7135
5503 5517
5503 7458
7458 9026
776 9026
256 776
256 3388
3388 9151
2085 3388
2085 7184
4297 5517
4297 9527
8422 9151
776 6317
4020 5551
4020 4646
9 6985
9 7733
4828 7733
1693 4828
541 1693
68 541
1664 7733
758 1664
758 2581
68 368
368 9991
671 9991
6317 6797
14 6797
14 6562
5299 6562
5299 7437
3572 7437
3572 4983
890 4983
3572 4922
4922 7818
7041 7818
4922 7628
7000 7628
7000 8983
1924 8983
890 4543
890 8974
7821 8983
1588 7821
1588 6892
4032 6892
4032 5875
7000 9611
6328 9611
2162 6328
2162 6430
6430 9440
9061 9440
5668 9061
3459 5668
1193 3459
3459 7981
4106 7981
4106 5868
1314 5868
2643 5868
2600 2643
2600 7208
1193 8659
6351 8422
2570 6351
1261 2570
1261 9470
7863 9470
6351 8949
7036 8949
3392 7036
3392 4777
158 4777
158 9195
158 8095
9195 9718
410 9718
410 995
995 9597
109 9597
9718 9920
109 7396
7396 7630
4631 7630
4631 5328
1114 3392
353 1114
353 7848
5849 7848
1088 5849
1088 2290
1088 3555
3555 9052
1678 9052
1678 9075
1678 1944
1079 9075
1944 5265
1079 5333
5333 8635
5333 9669
4307 9669
2327 8635
2327 6769
3867 4307
3867 4767
4767 5568
2761 3867
2761 8309
5111 5568
5111 8633
6263 8633
6263 9862
8789 9862
1203 6769
1203 5337
1524 5337
4344 9862
1427 5568
1427 5489
3070 9920
2761 4633
4633 7581
1732 7581
5265 9126
5499 9126
4502 9126
1025 4502
1025 7443
5232 7443
5499 9947
1552 7443
1552 9830
4502 8166
1240 8166
1240 8858
1240 5514
5514 8513
5514 9691
1833 9691
3836 8513
477 1240
222 8858
1552 2574
135 2574
135 213
945 5232
1395 3836
1395 9940
7964 9940
6394 7964
1626 6394
1626 4690
4690 5640
2658 5640
1508 2658
217 1508
217 5110
4690 4773
1626 7031
1056 7031
506 1056
1056 7332
7332 7566
4773 9393
2697 7332
2697 5061
1492 5061
643 1492
643 3185
3185 5113
5113 6806
2823 6806
2823 9000
3611 9000
2138 2823
2138 3776
2749 9393
2749 6182
6182 6837
2749 7190
3282 7190
1510 4773
461 1510
250 461
250 4515
174 4515
11 174
4515 4819
3027 4819
3027 3816
1457 3282
3705 6837
3705 5844
4104 5844
1242 4104
1242 4160
4160 6213
3098 6213
6213 7262
5763 7262
5763 8509
2444 8509
1425 2444
1425 1813
1813 3563
1813 1936
1425 7209
1054 7209
3098 3117
2444 3722
3722 3810
3810 9951
8582 9951
482 8582
482 4301
4301 5804
2198 5804
2198 5972
3950 5972
3950 4056
2829 4056
2829 8361
2180 8361
2180 7951
2180 8061
482 7473
2921 7473
2289 7473
2289 3190
2289 9840
6277 8061
6277 6620
6620 9667
27 9667
27 7931
7931 9854
5353 9854
682 9854
682 5968
5968 6691
5968 7121
7121 8882
7929 8882
900 7929
542 900
542 8415
563 8415
563 4902
4902 8973
8773 8973
8773 8807
4626 8807
4626 7751
7751 9690
5390 9690
2530 5390
5390 6018
846 7751
6018 8490
7929 9764
1216 9764
1216 4896
4896 6002
753 6002
753 1430
1430 9799
1430 5741
7043 9799
7043 8110
7950 8110
1963 7950
2303 8110
2303 4506
544 4506
544 9634
3679 9634
604 3679
604 2846
544 9686
4559 9686
4559 6893
6187 6893
4144 6893
3643 4144
3643 5185
5185 5656
5656 8701
1499 8701
1499 3978
1499 1775
1775 6918
6918 8967
4281 8967
7621 8967
7621 8830
3605 4281
3605 7422
5325 7422
5325 5795
5795 6269
6269 9219
9219 9397
5316 9397
5201 9219
5201 5621
5621 8734
765 5621
4409 8830
765 7614
329 5795
329 7792
2705 7792
2705 8648
3284 8648
2572 3284
2572 4464
2195 4464
2057 2195
2057 9472
6874 9472
1493 9472
1493 2311
1415 3284
1415 1935
5656 7420
7420 8585
3556 8585
3556 4508
1935 4956
4956 6816
4924 6816
4924 4971
3015 4971
3015 8984
8262 8984
8859 8984
4684 8859
4684 5352
5352 8397
213 4243
4243 8934
17 8934
17 1772
945 2576
3923 8490
3923 7178
2897 7178
382 3923
382 8075
7941 8075
3786 7941
2897 9955
4213 7178
4213 7421
3657 9955
70 3786
70 670
5530 9955
670 6823
3657 6454
2475 6454
582 2475
582 3662
3662 8005
8005 8769
6637 8769
835 6637
543 6637
262 543
262 1177
1177 7407
6232 7407
1005 6232
1005 3804
3804 8726
7740 8726
3550 8726
1005 1744
835 3456
3456 4723
4723 5721
5721 7035
5379 7035
3807 7035
1095 3807
2780 5379
2780 6489
1217 6489
1095 1366
6489 8403
1217 3586
2778 3586
1273 8769
1366 2602
2602 6318
6318 9289
7837 9289
2813 9289
2813 4098
4098 4266
4266 8517
4266 5005
3971 5005
2038 8517
2038 7145
7145 8680
2602 3742
2940 3742
3586 8004
4121 8004
4121 5403
757 8004
5207 5403
757 5294
3228 6823
3550 9974
3503 9974
3503 5963
5963 6738
6738 7216
5684 6738
181 5684
2094 3503
181 3587
1149 3587
1149 5372
2632 5372
154 2632
154 3634
3634 7775
7775 8920
1149 8629
965 8629
965 1572
1627 7216
1627 5344
5344 8357
8014 8357
8014 9286
6486 8014
6254 9286
5344 6832
4005 6832
8457 9286
1888 8457
1888 5098
812 5098
1888 2066
2066 5678
5678 6649
803 1572
803 8880
5639 8880
373 5639
5639 8121
2473 8121
2473 8593
1341 8593
1341 4434
5592 8121
5592 5834
5612 5834
2719 5834
2719 6705
1285 6705
1285 6045
1285 1711
56 1711
56 8619
7707 9101
4137 7707
2732 4137
5011 5530
4453 5011
345 4453
345 8997
4273 8997
4273 5838
5593 5838
5593 9582
6678 9582
3334 6678
3334 5727
3334 8427
7082 7981
5977 7082
5977 7310
4998 7310
98 4998
98 2646
2646 2670
4998 7173
1816 7173
1816 2349
2349 5566
5566 5921
2529 5921
2529 3832
2529 8638
5921 6259
6259 8693
8693 8748
8748 9495
2170 8638
2341 6259
2341 2366
2366 9450
4326 9450
4326 6613
6613 7165
798 7165
798 3053
3053 7010
5623 7010
3574 5623
1873 3574
1873 6625
3595 4326
3595 5322
5322 8406
1426 8406
464 1426
464 9002
8316 9002
2185 8316
7268 8406
464 5809
5809 8778
7716 8778
1471 8778
1124 2646
1124 3613
2 3613
3613 8389
2 2246
2246 3525
3525 4932
2246 8367
7447 8389
337 7447
6625 9523
3253 9523
1528 5316
1528 6631
4632 5861
4924 7661
222 7692
1891 7692
2059 5352
1924 7205
6352 7205
130 7332
3372 5679
2311 9510
5663 9510
5663 8217
8217 9569
7017 9569
4412 9569
4412 5729
5729 5807
3684 5807
4731 5807
3794 4731
3794 4807
3794 9458
9458 9580
2866 9580
2866 8662
4253 8662
2982 4253
7460 8662
5861 9758
4601 6631
4601 9097
5219 9097
9097 9385
1263 9385
1074 1263
1074 5796
5796 5970
4610 5796
2826 5970
2190 2826
1074 2003
2003 6113
5898 6113
820 5898
820 5032
3919 5032
3819 3919
3819 7118
7118 8799
8799 8956
8739 8956
8739 9237
5909 7118
3564 9237
3564 6644
6274 6644
4831 6274
2245 4831
2245 6215
6215 9911
2194 9911
2194 3697
2304 3697
1137 2304
1137 7895
3531 9911
3531 9314
3531 7459
394 7459
394 9146
8936 9146
1041 8936
1041 2037
1137 9574
5032 8478
1039 8478
1039 9737
9316 9737
7948 9316
8317 9314
2080 3697
687 9574
687 1829
1829 2383
2383 8272
6785 8272
5133 6785
1266 2383
1904 4601
1904 5109
1904 7411
5109 8193
5846 7411
5846 7803
4577 5846
5719 7803
5719 8896
3467 8896
176 3467
3467 6306
4009 6306
1456 4009
591 1456
591 1135
1135 5562
1938 5562
3162 3467
2199 3162
2199 8112
1815 8112
5109 7524
1938 6270
6267 6270
6267 7164
5562 7631
7631 8886
5542 8886
5542 7637
7637 9262
408 8263
408 7667
473 7667
473 2702
2702 3726
473 5616
23 5616
23 6867
6867 7591
6443 7591
747 6443
182 747
182 7695
4337 7695
4337 7926
7926 8064
6392 6443
4758 6392
747 9275
2092 8064
2092 6622
6867 7866
2979 9275
6622 8491
876 8491
408 555
1961 7661
1961 6989
8068 8387
7234 8387
1362 7234
1362 4198
1320 1362
1320 8467
4198 8640
5785 8640
5785 8898
443 8898
62 8898
62 7576
7406 7576
3170 7406
7054 7406
2531 7576
58 2531
62 9141
6004 7054
6004 6239
5767 6239
6239 8177
1331 8177
1331 6198
7840 8177
2903 7840
2903 8696
6602 8696
1728 6602
1728 6321
920 6321
6321 9825
6743 9825
1489 6743
1489 9087
1461 9087
1461 4003
4003 7795
91 7795
91 4667
4667 5975
4188 5975
2082 4188
5975 9505
8372 9505
4003 5920
443 1096
1320 6128
771 7863
8619 9575
4765 8593
726 4765
726 2757
2246 5006
3680 5006
3680 4016
4016 6559
1159 6559
1159 6895
6895 8622
1561 8622
1561 3384
1974 3384
1974 6947
287 3680
2343 6947
287 1513
1513 6695
430 6695
430 3461
3461 9907
7897 9907
100 7897
100 7855
197 7897
3461 7441
4452 7441
4244 4452
2193 7441
4244 6844
6844 7905
197 9110
2193 6221
430 4060
4060 7502
4604 7502
4604 6111
2104 6111
6111 8946
4604 8573
1110 8946
1110 1812
1110 4390
4069 4390
5105 9110
3959 7905
1812 5772
5772 5789
4699 5789
221 4699
221 5180
5180 7878
5005 9633
3204 9633
2425 3204
864 3204
864 1048
447 864
864 3863
463 3863
463 9448
447 8238
6403 8262
4529 6403
6403 8602
4529 6110
5159 6110
6110 6683
6683 9407
7100 9407
7100 7449
7449 8002
1751 8002
1751 3802
3802 6100
552 3802
552 9508
552 934
934 4623
1766 4623
1766 3874
2333 9508
1376 2333
2023 8002
3725 3874
1954 3725
1766 7918
3010 7918
3010 5610
1532 5610
2989 3010
2989 4654
1532 7094
6910 7094
6237 6910
801 6237
801 1977
1977 6117
1069 2023
611 1069
1954 4184
4184 5444
5444 8396
3186 8396
3186 4320
4320 6226
4816 6226
1115 4816
615 4816
2359 6226
1115 9081
6790 9081
2123 6790
1714 6790
1714 5516
2123 7393
7393 8325
206 8325
7393 7461
7461 7973
5391 7973
3865 5391
5391 6535
2471 6535
2471 6676
7187 7973
5175 7187
6482 7187
6482 7937
8602 9942
4263 5175
4263 5546
5546 9824
6673 9824
3369 4263
3369 4665
3369 9109
8708 9109
2782 9109
1450 2782
1450 7673
8673 8708
8188 8673
4465 8188
4465 5394
4465 5051
8188 8931
7146 8931
1600 5394
1600 8654
1600 1685
7146 7976
801 9198
5634 9198
615 4484
4484 6981
4484 6555
8654 8943
5778 8943
5778 6773
5778 7602
7602 8113
8113 8116
3815 8116
3815 7141
220 7141
8113 8791
3316 8791
7549 8791
4837 7549
4837 4979
4979 9115
8781 9115
1174 8781
1174 2372
2372 8505
7768 8505
1556 7768
1556 2708
2708 7143
5082 7143
7768 8383
5082 5817
355 5817
355 5675
1556 1638
6239 6792
4781 9110
4781 8117
3441 8117
1676 3441
717 1676
3441 5302
717 6587
717 7685
4462 5302
4462 7972
4071 7972
4383 7972
4127 4383
3325 4127
3325 5829
5829 9554
4437 5829
8989 9554
3325 3349
64 8989
64 3329
1336 3329
3329 4940
4940 6686
6686 9979
1336 7140
3349 9566
8093 9566
5274 8093
5274 6013
4441 6013
4441 6758
6758 9868
3054 9868
886 3054
2192 3054
3054 5959
2192 5907
886 8322
5242 8322
1197 5242
1197 8740
889 5242
886 3845
4925 9566
1197 6923
4925 9296
7756 9296
7756 9794
5286 9794
3788 5286
3788 8775
3788 4698
4698 6939
703 6939
703 5189
703 1307
1307 7076
5635 7076
5189 6436
6134 6436
6134 7697
6436 8293
5267 5274
882 5267
882 7708
3243 7708
7708 9367
700 9367
700 3790
3790 9922
5035 9922
5035 5192
3416 5192
5192 6665
1704 6665
700 4259
4259 8063
3105 9922
3105 6493
2654 6493
1870 3243
2654 9742
4783 9742
4783 7230
3956 7230
3956 6015
3159 6015
3446 3956
3446 7112
7112 8777
7230 9666
8628 9666
6015 6889
6210 6889
296 6210
296 5919
5919 8869
2292 8869
4501 8869
2292 8860
5064 7685
5064 6973
5341 6973
2081 5341
2427 6493
2427 8754
5808 8754
507 5635
2082 7639
6597 7639
5860 6597
1457 2833
539 2833
539 3566
3566 9999
4388 9999
3690 4388
4388 8211
4208 8211
7376 9999
4480 7376
4480 9378
6941 9378
75 6941
75 5556
6941 9926
6248 9378
3510 6248
3510 8652
6081 8652
3529 6081
3510 6278
6081 7328
7328 8099
3029 6278
3029 3715
5645 8099
316 3690
4526 5444
2847 4526
1770 2847
2736 5623
2250 2736
2736 7448
4523 7448
7448 9755
4523 6009
6009 7455
1900 7455
1900 2296
2296 9172
7275 9172
7898 9172
498 7898
498 8273
5323 8273
5323 6920
6920 7475
2296 6070
6070 6590
498 1196
1196 5537
2789 5537
2789 8649
7119 8649
3966 8649
7275 9273
240 3966
240 7022
240 2237
2237 7416
2591 3966
2591 4934
4934 8971
8042 8971
1722 8042
4934 5613
5613 9672
8069 9672
7825 8069
7341 7825
3404 7341
823 3404
823 3870
3870 5710
5710 7804
6534 7804
5710 9728
2379 3870
6534 7098
1370 7098
1370 6144
3616 6144
3616 7678
7454 7678
3616 6930
6930 9996
7522 9996
7522 8875
5079 7522
3616 6830
1455 6144
1455 6974
5973 6974
5118 6974
5118 7689
2443 5973
5118 9625
261 9625
6397 9625
6397 9932
7747 9932
261 3164
2931 3164
2695 2931
2695 8031
892 8031
892 986
986 1575
8029 8069
3231 8029
3231 9841
3114 9841
3114 7924
7013 7924
4638 7013
4582 9841
4130 8042
4130 5914
4135 5914
189 4135
189 4475
4475 6728
1575 8024
7774 8024
7774 9499
4835 9499
2274 4835
2274 4492
2274 2872
2872 9429
1782 9429
1782 6354
2503 9429
5877 6354
1784 6354
4492 8857
3364 8857
3364 8605
8605 9545
4492 8339
6222 8339
2158 6222
8024 8710
8710 8924
8924 9465
6863 9465
6337 6863
6337 7618
3265 7618
2280 6863
1784 4271
1004 9545
1004 1423
1423 8277
5609 8277
540 3265
540 4825
4817 4825
2710 4817
2710 3119
2710 6043
124 6043
124 4477
124 3924
124 4355
3934 4355
4477 9386
1886 9386
5493 9386
3497 5493
1722 9428
7877 9428
892 6496
309 6496
309 397
664 6496
397 9595
3732 4638
3732 6501
3439 3732
3439 8449
5138 8449
6817 8449
5492 6817
3889 6501
3889 6209
185 6209
185 1099
1099 9384
3023 9384
2294 3023
3023 5731
113 5731
113 1911
1503 1911
1503 1925
113 4486
1503 3896
1991 3896
1991 9572
6688 9572
1991 3460
2225 3460
2225 4408
2798 4408
4408 9548
6031 9548
6031 6942
4759 6942
6942 8466
6398 8466
4463 6398
1692 8466
1692 8545
1964 8545
1964 3539
3539 5851
834 5851
834 8152
5851 6294
3830 6294
3940 6294
3830 7819
6740 7819
3539 7144
2698 6740
2325 2698
2325 8697
7221 8697
1332 7221
1332 9046
1332 3738
3738 9371
4466 9371
4466 5553
4466 8448
4970 9046
4970 6305
1339 4970
1339 1655
6951 7144
6951 9089
722 9089
722 3997
3997 4850
3278 4850
3278 3875
65 3875
4759 8056
1319 8056
865 8056
1319 9586
4271 4789
172 4789
172 2011
1501 2011
1501 5355
1501 6322
8697 9132
763 9132
763 1700
1700 5773
8208 9132
2814 8208
3091 8208
5773 9303
2048 9303
2048 6048
1707 9545
1707 6420
1948 2158
1948 7116
1948 2627
2627 4695
4695 9632
2900 9632
2900 5743
1861 2900
1861 3652
3652 6076
6076 6601
5877 9872
1902 2814
127 1902
2695 4595
5079 7214
4456 7214
4193 4456
4193 7297
2220 7297
4193 7414
5271 7414
3221 5271
5271 6378
1279 6378
1279 9692
2972 9692
2972 7808
2980 7808
2980 4473
2972 5401
521 3221
521 1684
1684 2399
521 5484
5484 8101
3179 8101
3179 3424
3424 4894
4343 4894
4343 9326
4057 9326
4057 5153
5153 6333
1360 5153
6378 7523
6526 7523
1205 6526
2972 7153
5943 7153
3423 5401
3423 9962
9939 9962
5031 9962
7185 9939
532 7185
532 9205
7533 9205
959 5943
397 8444
3901 8444
2817 3901
6747 9575
6133 6747
4936 7819
1157 4936
1157 2559
2559 6687
6481 6687
6308 6481
1157 3472
3472 4148
4148 6771
6687 8450
592 5995
592 3717
1418 3717
1418 7233
7421 8682
8395 8682
2536 8395
871 2536
1967 2536
764 1967
764 5204
8 5204
5204 9128
8 3491
3491 8963
8125 8963
8125 8948
3491 3600
3600 5090
8395 8940
1483 8940
2368 9128
2368 8039
1483 7106
7106 9305
2362 9305
2362 7405
2508 7405
4560 7405
3167 8039
3167 4578
3167 6605
6605 7657
5702 7657
2744 5702
2744 3755
1880 5702
6561 8948
3974 6561
933 3974
2429 6561
2429 3847
1619 2429
1619 2848
2848 3946
933 3007
6149 8125
2368 3470
1749 3470
1749 3766
3628 3766
3628 6820
1415 2792
974 7460
974 3551
974 7592
393 7673
393 6136
393 8993
8993 9324
5978 9324
5978 7883
633 8081
1557 8081
1244 2654
29 1244
467 5240
467 2265
9810 9979
271 9810
3824 9810
4486 6090
6090 7724
7724 8025
1156 8025
1156 1198
1198 9009
5048 5758
3995 5758
5758 7317
4875 7317
4875 7104
1979 4875
3995 4019
2371 4019
2371 5872
3414 5872
6070 9479
4083 9479
5988 6395
6395 7487
7487 8414
2403 8414
2403 3524
3524 7363
3476 7363
7878 8779
1922 8779
1922 5601
1619 4658
4658 6940
2350 6940
2350 5227
4679 5227
2735 4679
3476 5184
5184 6083
2058 6083
175 2058
175 3983
2058 8617
175 4671
4671 8526
784 8526
5184 6777
6777 7548
6781 7548
4764 6781
2151 4764
851 2151
851 7834
7834 9068
8433 9068
3080 6781
5126 9068
1245 5126
941 1245
941 1154
3637 5126
1665 3637
143 851
2040 3080
2040 9832
6461 9832
2988 6461
2988 3403
3403 5342
4945 5342
4945 7095
3637 9160
9160 9421
1300 9421
1300 8597
1334 8597
1334 7729
161 7729
231 9421
231 1878
1878 6464
6464 8349
231 4712
515 4712
6549 8349
6770 8349
264 6770
264 460
460 7157
5066 7157
499 5066
161 298
298 8150
6024 6622
6024 9130
9130 9567
9078 9567
7588 9078
4252 7588
742 4252
742 7615
4630 7588
4630 8601
115 8601
115 2105
1399 2105
894 8601
894 3031
2105 2432
2432 6435
3333 6435
987 3333
987 1404
1404 3200
3200 4328
4328 8667
5961 8667
2212 5961
2212 4444
2316 4444
2509 4444
2509 7331
2316 2375
2375 4616
2316 5487
1916 5487
1185 1916
1916 4334
2516 4334
1007 2516
1007 7843
3928 7843
3928 7908
1007 6410
3487 6410
3731 7908
2607 3731
3731 8411
1035 8411
1035 2958
2266 2958
2266 5319
1035 8508
7499 8508
7298 7499
5311 6435
4157 5311
2060 4157
2060 4770
3636 4770
3636 4710
3636 8687
257 8687
205 257
3390 7331
3390 9745
678 9745
678 1302
1302 3858
3858 7008
257 6292
6292 7369
7369 9668
3528 9668
5311 7398
2724 3280
1794 3280
4257 5392
127 8347
692 8347
692 7717
3041 7717
3041 5070
3041 5464
5464 5748
5070 8679
8679 8776
8776 8917
3527 8917
664 6416
3116 6004
3116 7850
6244 7850
2756 6244
4884 6244
4884 8560
4884 5646
5646 8904
4219 8560
4219 5015
3777 5015
5015 5357
7116 8464
2206 8904
646 2206
2206 8555
569 646
569 8447
647 8447
4621 8447
4621 9655
5504 9655
2768 5504
6281 9655
569 1044
1044 1617
1044 5432
5432 8017
5432 5685
6281 9394
2442 9394
2442 4467
2442 8756
1233 8756
1233 7865
3478 7865
1233 8310
993 2768
993 5347
5095 8756
5095 7426
2488 7426
5095 6952
6734 6952
6062 6734
2488 5667
5399 5667
310 5399
82 310
310 1299
310 868
259 6952
259 5420
2317 5420
2317 6345
2317 8181
496 8181
496 4916
4916 6640
4721 6640
993 3988
1354 3988
2711 5347
2711 4141
4141 4470
5347 9928
1299 2074
2074 4218
2074 2537
2537 9426
2686 7115
2686 8212
7496 8212
7496 7666
6400 7666
7617 7666
3412 7617
478 3412
478 6165
1297 7617
1297 3676
1031 1297
1031 8790
7826 8790
2398 7826
2398 3049
3049 5047
5047 9475
3739 9475
3386 3739
3049 3486
3739 8462
6059 8462
6059 7693
4058 7693
4058 4987
2100 4987
2100 8003
4292 8003
6432 8003
6432 6679
5899 6679
4292 5813
5813 8355
3926 8462
1787 3926
1787 4261
3926 9846
3588 9846
8664 9846
8664 9729
4518 7693
1865 4518
1865 5258
2261 5258
1046 2261
1046 9703
1387 9703
1387 4713
5813 7579
3386 8668
1865 9538
7914 9538
7914 9599
7798 9599
6538 7798
6538 9819
2898 9819
2898 5854
5183 5854
4935 5183
4935 8530
7240 8530
7066 7240
7066 7345
7345 7585
2409 8372
6335 8150
6335 6339
6339 8161
1292 6335
1658 6339
1658 2497
2497 7960
2497 4966
3988 7781
4456 6283
2457 5729
2705 5683
2637 5683
6221 7888
2250 3785
8143 8150
7735 7960
4521 7735
3002 4521
619 3002
619 7718
3825 7718
481 3825
481 7958
946 7958
3825 4503
3849 4503
3849 5576
2763 4503
2763 8321
4349 8321
4349 5579
5576 8179
4210 8179
4210 6609
778 4210
6609 8439
4730 8439
4730 6161
6161 9490
5423 9490
5423 6440
6440 7842
2451 8439
8179 8916
8916 9602
2927 9602
1485 2927
1068 6440
1068 2267
2267 2832
2763 7679
663 7679
251 663
89 251
89 1608
1608 4172
1267 1608
1267 7314
1267 9873
6966 9873
3593 6966
3593 3713
3713 6908
3593 3768
3768 5058
5058 9739
6908 9257
5058 7880
7812 7880
4606 7812
4606 6101
2115 6101
2115 8059
4678 8059
4678 9804
7314 8511
2820 8511
2820 4007
466 4007
7314 9855
1696 9855
1696 9187
1696 6129
6129 6897
6897 7662
5407 9187
5407 6327
6189 6327
4718 6327
1731 4718
1731 3199
317 3199
317 7338
4718 5370
3115 9187
1235 3115
455 1235
1235 3187
6507 8321
6389 6395
6389 7497
4618 7497
5930 6389
5930 9086
490 5930
490 2153
2153 6511
6511 8051
177 6511
177 9339
1276 9339
803 1347
1347 8440
8440 9182
1347 5632
5632 6938
2857 6938
2857 2899
2899 9157
2220 5902
1823 4855
540 8785
2677 6649
2677 5315
4065 5315
3799 6246
411 2832
411 5827
5827 6064
3904 6064
3904 7395
3645 7395
411 9390
2772 9390
2772 5410
3771 5410
3771 4358
3517 3771
3517 5160
5160 6833
6833 8825
8825 9333
6663 9333
5335 6663
5335 9245
984 9245
984 5689
5255 5689
2125 6363
981 6363
981 3589
5974 9497
2116 9497
2116 2124
2471 6171
4165 8830
6198 9487
2265 2862
2862 4853
4853 9012
1334 7563
90 7563
90 1599
1255 1599
460 8731
2113 6136
2113 3342
1897 2113
1897 4975
4975 6384
6109 6968
5462 6109
5462 9945
3070 3730
1291 3730
3064 5763
3064 6915
6404 6915
3841 5149
4112 5957
3483 4112
3483 5941
3569 5941
3569 3576
3734 8422
3734 8912
3777 4693
2062 9390
2062 5104
5104 5455
6308 7478
2889 7478
531 2889
2889 5145
957 5145
5145 5835
5835 7359
7359 8580
134 7359
5057 8580
5057 6046
509 6939
509 9033
8495 9033
6404 9630
7988 9630
7988 9360
5342 9469
526 7331
3959 8723
4005 9816
1189 9816
3588 5960
4 5960
3455 8448
1184 3455
1001 3455
3455 4715
1001 9995
7175 9995
6768 7175
7781 8832
5935 8832
5935 9156
4 1909
1909 5653
1909 2519
1893 5048
1823 9445
8140 9445
3000 4208
3000 8119
3511 4501
4663 8099
4663 7778
7778 8914
7730 8914
2093 7730
2093 3721
3721 4624
1838 4624
123 8914
9273 9480
1461 9594
452 3884
1162 4857
351 4857
351 5358
4857 9252
4146 9252
7392 9084
1737 9901
4026 8103
5167 8103
7431 9684
5798 9085
3389 5798
3389 8532
8532 9694
8058 9694
3947 6095
3947 4757
4757 8746
3947 9409
5882 6990
4223 5882
3516 3770
3516 8283
3791 8904
2566 3791
1721 3791
1721 6709
6709 7038
3092 4782
48 3092
48 7553
3324 7553
806 3821
806 8809
3146 6073
3146 9966
1444 9966
1444 5771
5771 6063
5540 6063
1093 5540
1093 7354
4129 7354
4653 7781
8215 9080
5979 9324
9134 9297
732 9134
732 4674
653 3673
3673 4002
273 4002
273 1921
3002 5293
1173 7776
4800 7776
2302 7037
3036 9145
302 5167
302 548
